100
145 150
974 976
194 202
122 140
151 163
325 339
66 77
1177 1180
417 426
292 312
552 566
644 661
340 341
0 16
796 808
1054 1069
753 756
351 362
500 507
269 283
770 787
393 400
1105 1118
593 611
1119 1135
479 499
704 723
757 769
169 181
1136 1139
547 551
401 416
998 1001
49 65
831 845
612 628
1159 1171
363 372
939 952
588 592
567 587
82 100
101 112
629 643
811 830
742 752
724 741
882 890
953 961
284 287
227 247
469 478
923 928
1175 1176
373 387
962 973
662 680
1172 1174
113 121
388 392
863 881
313 324
1090 1104
1070 1089
211 214
918 922
898 917
342 350
929 938
794 795
248 268
27 39
527 546
1140 1153
40 48
203 210
78 81
182 193
1002 1010
1154 1158
1021 1038
164 168
288 291
681 686
215 226
427 446
141 144
788 793
809 810
1039 1053
995 997
846 862
508 526
463 468
447 462
17 26
891 897
977 994
1011 1020
687 703
