-1092
3686
5991
-1557
-7317
-66
1099
-9293
-7630
5868
-9639
-6237
-699
-6143
192
-8829
-7817
-5576
-1101
-4950
-3086
4037
-7544
3373
-5321
-8126
-8946
-4357
507
-1747
1683
486
-6928
3480
-7057
-9305
764
387
2673
7388
7592
-1668
9436
-8039
6144
2244
-3130
1512
-4890
-9447
-1819
6382
3894
-374
-3122
3582
2620
2452
-5300
9148
4924
8165
-7170
8354
2596
-7974
6880
-9050
7801
7057
-548
428
-142
-4491
-4008
-9672
-841
-8370
3147
-6634
-9904
8871
1870
-879
4907
4389
-3431
792
-1130
-2060
6993
-2625
6180
-9094
-5129
-9257
9582
-1393
5715
-6885
-4271
-2975
-7935
-6998
-7881
-5666
2852
9752
-4637
-7290
4640
2743
-911
2523
3180
2359
-4664
7220
-9015
-7633
522
9333
3594
-2331
530
1940
4349
8832
-2929
2837
7048
7652
-9965
3523
9348
-8907
5304
9262
-8141
-2367
8824
-2490
-2609
-7973
-8387
-7201
2134
8683
-756
311
4748
7245
2485
9454
-8258
3248
5169
2381
8537
-8575
2624
-1937
2499
-7957
-7271
1883
-1286
-7322
8146
-5158
2737
742
-2785
-9718
3312
749
-5617
-7809
9379
3415
9920
9019
-6744
7587
-5566
-2047
-7302
-9636
-5686
185
-899
8155
-5222
8518
1138
3088
8886
-1317
2504
-2614
-9361
-3158
-6003
-6835
7647
-8485
6022
-8401
3493
8122
1105
816
4461
6473
-1322
-1103
-1077
-9615
3569
1836
-5877
5853
7531
-732
-2264
-6835
-4482
9875
4953
7368
5262
-6478
-7351
8939
6611
3700
1398
-3649
7044
1034
-5378
3507
-6087
7151
6131
-4970
3521
-3768
2927
-4188
-1629
-9250
1602
-8750
-6648
-2284
9450
6370
7177
4494
1375
-5609
1994
-8576
1213
-376
8794
-3825
-4804
7864
-139
-8614
-655
5568
6908
7429
9891
-4313
1061
9023
-566
3829
-6787
-4291
-4690
-6502
2887
2294
-874
-677
-6671
-4148
3657
2083
-5324
4624
4512
2487
6763
2505
-5293
6209
-6893
-856
-6053
-1245
-7032
-254
-1286
-7592
-5066
-9276
7452
-4032
-694
-9367
-8752
-7310
-9966
4240
-2182
4692
9532
3475
-3868
6432
6480
-903
1702
6214
-8145
-120
-3842
3732
5022
6183
7482
-6357
9596
-4401
5255
1151
1463
2287
-3637
1229
2956
-3764
-745
-2796
-5543
-5789
-9927
-5445
4601
-1151
5501
7613
1567
-1023
-6501
-7193
8303
-2929
2200
937
4684
-1576
-2298
-3862
4127
8439
-2654
8598
4056
6732
-3687
-5735
211
-1754
-253
2056
-9757
6294
6910
-9421
-4339
5285
6509
-9067
1190
-3303
1167
6743
-1451
-7066
-2569
5963
-3018
8499
4992
-2567
-41
7689
-4317
-2697
9024
-4760
8657
-4579
6359
-5492
-2433
-619
9957
5582
5866
4837
2371
-38
6483
8573
3563
4160
-2458
2495
-1409
-9856
4562
7827
7435
5600
-8178
6051
-2033
415
7165
7186
6154
3751
-4006
1297
4137
1042
-2458
-8991
3637
-2795
3179
-6636
7075
-9085
-3779
-1790
2448
1536
4488
-2390
-700
8204
6396
5388
-972
-2980
-5384
1444
-2649
-6188
-1582
422
624
-9146
7724
-5725
5100
-664
-5850
-6204
9412
5015
6058
-6725
-1193
7777
9263
-2109
-9867
1031
-2186
-7800
-4901
-8470
2761
1390
-5607
-5540
2820
7960
-7698
8907
-4283
9853
2499
-7206
-4243
5034
698
8314
2243
5365
2791
8980
-4518
1068
-3870
6699
-1049
-9586
-4570
8378
9262
6568
-9587
6304
7696
7827
8874
-4336
7083
7117
7660
-92
-2436
7510
661
-3539
-9560
5198
-8447
4794
1961
-9357
-6039
-710
-3586
629
1158
1581
9458
7899
-1221
9558
2355
-3313
-8788
5643
-9428
-2978
1167
-8598
9832
-6795
-2762
9229
4661
9986
-8336
-5079
7486
-2709
-5887
634
3493
-7257
-5518
-1960
1927
578
7003
-6429
-4120
7445
7311
5552
-3598
-4138
5169
-2463
7644
-5326
-3672
8094
-8183
827
7400
2656
5942
-4702
-1037
6113
7571
-5495
5384
6259
4606
4491
-5088
7184
4698
-1995
-1572
-1656
-1586
-5434
-6635
3057
-6086
4370
-8850
3307
9771
-8534
-7939
-7957
-1985
-9344
-9274
-2344
5184
6512
9261
-7972
9217
8747
-3528
-2540
-9899
1438
-384
-9182
-2675
-1026
3227
-4740
-4445
-3423
7248
4635
2367
-9963
8922
-4918
-2446
-1436
5106
6532
1666
8631
-7508
5706
-7791
-8634
-1666
-5050
-3387
-8547
2600
3764
-6867
-1450
8443
-2870
-8719
-2862
4805
993
-2117
-3002
3159
827
9119
3401
7394
5227
-4585
3610
-7089
-4720
8345
9347
-1947
3493
-7263
-7851
1296
-9657
8696
1519
-4034
-3595
-118
-1039
-3643
-7823
8976
6910
-8215
-8566
-1703
1567
-4984
-6634
-4573
-2884
-4787
-9545
7176
4310
-8231
-2769
-3159
-2114
-7273
-3578
-2262
3441
283
-3940
2727
-6048
-1276
-6014
-1128
-8598
-4699
-161
6794
1290
3499
6620
9725
6971
-6577
7070
-5973
4692
1066
-3501
-3375
6731
-3769
7124
2385
113
-795
-9368
3080
-2927
2219
-1867
3645
-6423
-9636
-5798
4353
-9471
3730
7916
1591
6723
-9165
4079
8631
1638
176
-5424
-9727
6165
-6091
-5383
-3231
-3091
7827
9933
7817
-9944
5337
-7960
3862
5479
-3600
-7021
-1325
5157
-2556
-7392
-7808
-1972
5891
4602
-6540
-6113
6490
7602
-3637
7494
-589
-3500
6103
4361
696
-5349
9849
-8401
6626
-7398
-2901
3164
-7376
2092
-8224
9258
-3012
-3966
7119
-83
-1766
-7572
-5556
4590
-2709
312
-4127
2175
3182
7600
-4336
6313
629
-1264
9714
-3109
8659
-120
-6416
-1023
1724
-9336
-924
-1762
-4444
-2264
2345
-7682
-3593
-2173
-2967
-741
-3604
3409
-8405
6569
4296
9124
-2947
-6014
-3111
-8571
6127
-4401
2210
1512
-2908
4782
-5222
7291
-7535
9642
-760
3851
6716
5680
9763
-5765
-7813
-700
1709
655
4902
-9655
5318
-3797
7612
-331
3630
134
-6282
-7790
-6813
9739
-2611
-4337
1099
-6481
7446
-8820
-4788
9895
948
-8202
4897
-6740
-5209
2030
-7710
7162
3424
9493
-2353
-4252
-9726
3957
-8851
4946
-11
218
6316
-959
-8784
5772
5903
8987
4097
-9901
7026
8778
4202
-4660
5904
9467
-7637
-4286
-9486
6653
-1316
7381
-5805
938
8245
-5013
-4289
-4984
-9674
-4496
-3724
-535
-7888
5628
-6545
9942
8566
-2568
-4131
-4269
-2742
3392
6636
2648
1051
1436
-4451
-4398
5595
-1062
3522
-3014
-5289
-7071
-4776
-7901
-3772
-7769
-9448
7755
-7970
5519
9734
-8154
784
-3201
6881
-7339
1944
-3655
-1985
1796
6544
9808
-9171
8726
-7790
-8
7392
9628
-6698
6356
4478
-2407
8062
2849
3042
9071
-901
-8227
-7814
7602
-934
-5879
-5918
-1250
-2342
-5881
5938
7180
5751
4449
2301
3213
9975
-4365
1073
4270
-2067
5318
-3151
-1345
-1527
-8103
-7158
708
-498
-9500
693
7661
2908
-3449
-6438
8847
8954
5578
4350
9603
5019
9317
1433
5008
4032
2027
-4926
8576
-4982
3892
-2578
-618
3539
1795
-8879
-9828
-1216
7044
-6236
-8797
-3236
-2793
-1307
1814
569
8941
-501
-9003
5607
5893
6031
-1074
8930
-3814
-104
-8355
-8725
5892
9300
-9375
-9197
7780
-1907
-2340
1621
6342
-4907
-4232
-1152
-1177
6395
1402
-256
7063
-4338
-7405
5610
5775
2392
5811
-8
-7707
5597
3627
4204
-6397
-8786
-4721
-62
6488
-9218
-4078
2787
7435
-9703
9244
886
-7340
7669
7111
-3399
4012
6389
-4940
-2826
-2289
-3807
-5249
3035
9441
-5629
-2902
1421
9269
708
-591
463
-2558
7521
9863
-2204
803
5530
-289
8662
-6973
9340
-5953
6766
9775
3816
-9945
-5387
-8903
-5935
-1294
-3861
4120
-4590
-8901
3248
-8023
7883
-3740
-1658
9730
-2993
6946
-8957
1593
4358
-5142
-3031
-2249
-9223
2117
861
-6694
2690
-1026
-6549
-9261
-9525
-3286
-8708
-5164
-3239
-5886
2344
-7742
6423
-8425
7913
967
-1119
-6486
4970
880
-1702
-310
2718
7238
6596
1335
-2174
-3257
7250
6939
3435
-6447
5226
-635
-2837
-4710
6186
-6965
-8342
-3520
234
-8269
7683
169
1411
-8177
3022
436
-9426
8142
7907
6806
1928
-9638
6449
-2091
-3830
5744
983
-8518
-4585
-113
-6496
710
7024
-6357
-7210
-64
-8182
-5878
4469
-7110
-3662
9765
7635
8213
808
2209
6763
-8486
-9789
-5121
4180
-8795
6420
8948
-7120
-1085
-7124
-9105
-5351
1097
7979
-8380
-8751
-5063
6973
5923
4288
1132
2126
156
-5782
-4575
-4742
-9681
6745
5816
-7524
-5573
-3715
-4415
4471
-3992
7496
-5211
9479
-8434
-7425
-1995
-1145
-3246
-1503
-7794
-6816
2783
-1267
-5831
2665
6561
9780
-2541
-3138
-1366
6824
1955
7249
-9304
4735
2759
-8094
6724
-8732
-6755
-8071
2913
7522
-6660
-3126
6532
5847
9078
4857
-6951
-5278
-4528
-5170
1814
-530
3827
2917
9757
5639
-6769
6764
-214
3193
-4064
9950
7938
9863
5998
-673
-3732
3995
1780
5920
152
-2168
3878
420
-5347
9430
-5407
-3153
-8802
-516
-1266
-3976
-4425
-6146
-8161
820
8016
-4903
3222
-695
5394
-6301
-9026
-9479
1392
157
-6338
7492
665
5280
-387
6732
-5328
2022
-3734
4840
5391
1781
-1213
-1883
-1442
6615
6149
-7814
3402
1096
-5353
5345
-7773
-1861
1232
1435
-3735
1538
-7228
8654
-9058
167
-554
-659
5031
-9580
3225
-2365
2852
-3557
4324
5531
-6856
6460
-7956
-8927
8855
2457
-8231
-1396
6642
-8551
2238
-3071
9456
-7890
9556
8767
777
636
-1032
-9204
-9409
2896
-8380
-3377
-3963
-5199
-5383
-9808
9790
-7143
57
-9380
-4167
-2232
118
-3132
5720
6822
6739
-956
1069
-4572
-7605
3528
-1418
3148
-9955
7312
3983
8818
-3600
5784
5842
-4614
-9720
7403
-8068
-3254
-687
5303
-7964
-98
2782
-6156
4828
-2551
491
9366
-1870
-2917
-5970
6812
-4721
-7921
-31
-5209
3457
-7902
-7778
-5556
-4846
6
-5250
6144
-3261
697
486
9188
-1051
-1475
-9953
911
1426
-3870
9755
7943
3816
-1495
-3531
-9074
6644
4454
2211
5242
-4321
9368
3370
-7831
4103
-3380
-633
556
3150
8622
-7528
-1431
3081
-3189
-700
-2574
8736
-7442
-710
-9100
-4470
7037
3760
1494
6444
-8636
4747
-7755
954
-157
-1077
7520
9932
4791
-4776
3270
-7194
-2425
-8598
-5587
-4261
-3695
-8003
-1287
-4142
2235
9453
-5006
8962
-5393
6870
2696
-270
-3408
-5431
-7162
-7588
7330
-9547
3031
-1922
4636
731
4863
3458
-865
5748
-3358
5852
-8003
7868
7467
2377
7751
9876
-3706
7132
-5650
-4657
-8383
138
106
-3678
-2733
3117
8374
-2119
-5108
9501
-3525
9635
5777
9163
4540
4077
4225
-886
-3284
-7409
-8386
-9910
-4904
5091
3375
-3343
-2694
-5722
241
-3055
-9028
-1299
-844
8721
1567
-8234
-1032
8869
2403
-5545
8858
-7893
6251
-7173
7323
-9070
-8840
327
3221
485
2093
-1691
6867
-9953
-2846
-6373
7072
4153
-671
-2109
-2782
-6479
8842
-7178
-6535
6783
8026
-4812
843
4818
8647
6597
-3071
-7724
-1880
4349
-1555
-1734
1376
-4557
1979
-3706
-5715
7145
4691
4806
7378
4898
-1580
-4270
-3257
-8665
5703
-3260
-9230
-911
-4866
-6917
-4925
-9147
5170
1199
-823
-6571
3691
-8645
9630
5866
3650
892
5275
9663
-9159
-9882
1793
-2050
6543
-1509
-5669
-8273
8107
-47
-8306
5557
4652
-489
-6993
7918
2095
-3558
-468
-2995
-46
-3256
2282
1523
1795
-8226
-886
153
7086
1896
8368
-2708
513
3330
1990
-9963
-5688
25
-2484
422
1091
866
-8514
369
-3613
2241
-2015
-1168
-7993
-9356
8907
-6631
-7510
1655
4958
-1230
9821
8692
5148
-180
-9718
2418
8067
-5946
7720
2690
-5902
-1087
-8056
8251
3541
3356
1423
9320
1885
4076
-8660
394
8123
-8461
-2959
1566
1651
6406
-6086
-9583
-7920
-1522
3855
8928
2184
8812
7420
-5748
-5817
-6862
-1808
7762
-2753
4905
-9061
9929
5476
-3567
-2219
-4229
-5178
-7881
5761
-5902
7607
8821
-4891
-2855
2959
-9915
957
7196
-7234
-8819
-2735
6905
-1381
-4950
7731
-9391
-2877
-3141
-6236
7919
-3206
-683
273
5293
-980
-530
4855
-2550
-6661
-4627
137
1061
2219
-1451
-2225
-8962
-1042
3818
-3459
-4101
-4183
5658
-906
3124
-6841
-5251
-1711
-4578
398
-1352
-6858
-5368
2731
1660
-8900
918
-4411
-5748
3627
-3036
-9267
-3989
3550
-3473
-7460
-5330
6052
-9890
5277
-7687
-411
-208
-6889
-9646
-5015
5234
6316
4070
-4233
7431
7437
9302
4336
-5422
-8862
8252
-9035
8577
6123
-4535
6460
-6247
9446
9776
937
-4525
5047
6022
-5596
1255
-1208
-4321
468
1375
-160
2335
-1372
-6193
-2627
2171
5666
9685
-7761
8319
-8745
-3693
-3943
-429
2538
5311
-190
-6255
-247
-5931
733
2813
-7528
-6601
4090
940
-87
8448
-9648
-7030
5255
-6504
-5734
-240
-1033
4448
-8509
6824
8851
-3468
5309
472
-3621
2496
-2028
4213
-7344
9397
-7845
5548
6840
-9114
-9896
-9881
3275
6110
5444
9620
-5262
772
6165
-2573
8337
6282
822
5676
-1891
-1549
-9786
559
7091
-4251
8631
-3336
7350
-5488
105
2877
-3722
-5183
3339
7881
6168
8117
-4631
-1966
-1329
7474
960
-5981
-4699
-8011
-7104
4931
-3711
-3983
-3644
3085
2998
-110
8168
-8878
5547
-5693
-3486
-1531
3299
-5033
2305
-4767
5889
-1209
-1054
8023
-7344
-1013
4255
-1432
-2218
-5637
-1864
4025
-7037
647
-2771
-6992
-9745
7675
-2262
-386
-2833
-657
-6201
-3011
-2254
2236
1679
-5174
-5660
1491
-1938
-4225
-3504
-869
-9520
4706
-254
5510
5965
-9126
6019
3775
-3606
203
-1711
-4528
9512
-1984
-415
2316
6333
-2885
-2537
-9724
-2307
8369
-3257
-4500
2791
4442
6123
-920
-2844
-6622
8311
-9119
-9459
-7183
2038
-2539
8026
4412
-3485
2716
3840
5205
-7070
-4072
1333
-6133
4032
-2352
-3731
4083
-3216
1554
-2567
9314
-4040
5537
-6369
5250
-6555
3422
-6585
4509
-6101
-1573
-9200
-9335
7228
-2224
3456
-3936
-8471
8372
9296
-6523
-938
6683
-8584
8381
4706
1674
2714
8757
-1305
8051
-6533
-8692
-6479
-8145
-2027
-6042
-7064
-4865
-8811
3699
4426
-9142
7308
-7526
-2143
9416
3734
4012
-7874
-2596
-6955
-5091
-4208
6517
-5930
-7946
21
9047
971
-2141
4490
5038
-5555
-4157
-9802
1091
1764
-4464
1854
8259
-6959
5755
-1901
-6520
5244
9498
5735
3613
-2425
3634
7012
6516
2915
-7905
-5104
5835
-4474
4571
773
-2325
-4854
2442
9075
-6673
-1362
6833
-7090
478
9117
6153
4066
4120
-3010
-4609
7329
-3762
9405
-4480
8714
9860
4056
6410
-1634
8443
-3951
6526
6303
2410
4072
-8100
-7791
6438
5856
3108
6778
4023
-9220
-5142
9007
9766
4626
687
-233
2288
-428
-6741
-6974
-616
5280
-1658
-571
9193
3754
-9053
5096
3233
9444
1704
6964
7658
-3849
-7776
-4466
5668
-1859
-4882
-9930
-5308
-4762
-4247
2127
-9233
7755
3599
-7908
3955
-567
8475
779
-3260
-8625
-4857
-4292
7028
-9639
836
-1553
-1570
-4845
-224
4738
-4087
7505
3409
909
1421
909
8525
125
3404
-5666
3917
4174
791
9381
-4564
-3007
9197
680
3229
9763
-5036
1683
-9777
-6169
7180
-8557
9812
-5944
-9309
-7520
8929
-6677
8193
1243
7817
1922
-1025
9081
-2762
-7540
-2344
9679
8864
-8742
-1671
-5994
7886
-4431
-8547
-3880
-8202
6231
7272
3516
-2305
1676
3489
-2391
3670
5974
-6033
8548
7560
-4407
3392
8789
3146
-8390
1011
8952
-8433
-6337
4322
6719
6589
9698
2804
-4708
-4353
-9733
-2712
6459
2241
-4892
-1406
8242
9340
-5095
857
-9299
4008
239
-9145
3873
-847
3095
-9169
7628
-1388
5373
5617
9005
9034
-4042
3548
4606
5823
-513
-1414
3449
-7272
-6782
4091
3561
-5969
-8744
-7588
9368
-365
-4028
-1654
-8839
5078
-2397
-6746
-322
-112
9466
-5584
-2214
7583
-3210
1471
-6076
3329
-8220
-2993
6038
-4814
5030
5461
-4787
-5975
5772
1789
1249
123
2231
8116
4944
9074
1701
383
-6649
4955
1024
4884
187
3129
517
6694
-2173
-3014
7902
4531
6366
8901
-2215
7933
6808
2279
5676
-2258
6253
6122
1366
-3119
8935
1330
-7003
9745
1379
-789
-7844
9729
4356
-1521
7399
-2925
8422
9173
5130
-2954
-109
-4402
5719
7840
7121
-8919
193
-9212
2649
-9058
-4805
3357
3478
-1571
-7449
-5431
-5037
-7938
4410
-8714
1708
320
471
6892
1373
-8816
-402
8501
-9893
-4218
-7430
-9431
-409
235
1685
-4793
731
5750
-6784
-4351
5664
5189
-2232
8809
-872
6718
-3835
3814
-5549
-1892
-5560
7287
6281
-2173
-3975
-9523
8494
-668
1293
2704
9759
-3857
-4041
-7494
9662
8573
679
-995
354
-9096
-520
-7366
-2353
1144
478
-6565
-1412
-5995
-1877
-4231
-5358
-1307
-8480
9801
-1263
-3303
-1467
5337
-8061
-8514
8188
4302
-5689
8094
-1872
-7436
-2953
-1072
3084
-4406
4698
5987
622
7126
2242
-9699
9410
888
-4092
-3787
-7746
-3528
4710
-1262
-8978
9661
-7090
-7936
-3184
-678
-391
-6325
-1802
2935
-5756
-4229
-4987
-503
-7246
-1515
-1520
7771
5796
-8663
-1753
2281
3618
7301
1049
4022
8046
8653
5611
-8512
-7680
4498
2780
-7296
-5728
4658
-9137
-9983
-6374
-8028
-7444
-748
-4995
-9889
-211
-2114
-5717
-7553
-5439
3229
887
-7501
5577
-1411
-7955
-7253
4026
-8917
4858
-3282
-2905
-1367
7410
-3548
-6031
-9312
4916
-497
-7891
2162
-6205
-1361
-7947
-1589
-3615
6901
7065
7988
8583
-1485
2742
-3879
-4704
-4770
6753
-9840
-9622
-2943
-988
-8559
-9294
-6127
-279
-7090
1047
-4473
2691
9144
-7111
-4011
7006
-5721
-375
-8176
-3368
-4106
-2601
-2100
-1912
-1818
8463
8813
8314
2456
-6155
5222
-8445
4499
-8194
5704
-508
5603
-1613
8361
1623
9241
452
5517
9567
4311
5432
5505
-8117
5657
-3224
-3979
2311
3991
-2732
-9624
-4140
8964
2034
8701
-145
-3633
-4181
-8237
-1219
6617
-864
4556
9139
6496
-3573
-2066
8279
3576
-7799
3085
-6694
4061
2768
-6375
8708
-4653
-5228
3862
5262
-3485
-519
-6195
-7468
8623
9040
4109
8447
878
581
-2773
5051
-8649
6943
-3196
7762
-7744
-1522
-4179
3168
-8222
2333
-4086
8168
5370
-3118
-6400
-4438
4244
-4986
1182
758
3976
7068
-2289
-809
-9854
-4304
-3953
3182
-2411
7853
-3398
-3008
167
-1493
-2621
-7460
7262
7220
-2576
4834
-5229
-7666
3586
7826
610
-962
5897
-3780
7465
5904
3114
8594
7802
-7114
1044
6092
-8200
-4615
-1783
-2618
3684
-5972
1837
2329
-9816
-4630
8982
354
-1581
1230
2680
-2011
-8454
4408
-3563
7076
-3067
-6807
-7214
4180
5567
3971
-8007
-7094
5127
-164
-8385
3230
1287
6403
-6234
4703
-5727
-6020
-7412
7859
-5236
5652
6164
4922
6699
-1017
2895
5652
-6631
-2288
2984
-5649
7630
1567
-1500
-3816
2645
-7463
-4925
4335
-6239
6121
1441
4480
7863
-9583
88
-3026
-620
-379
-6893
-3567
-448
1429
-5205
6890
-342
1900
-3998
-590
-1765
5390
5356
3136
-7678
-5275
-5976
3951
-3651
-9064
-3069
2194
3850
4093
-8700
4052
-96
3345
-5941
-4882
3771
2952
-7430
-3149
6689
3766
4188
-187
-6757
-7699
-5909
-2353
6035
-619
-2785
-6083
4103
-4861
-5872
-1028
-4111
-2316
8508
1309
-1369
1891
2418
-4910
-1911
6885
-5314
-2120
-3354
563
7169
1753
7782
5011
-6923
-6360
-7289
3275
4898
2380
93
-1739
1851
-3889
-9894
9220
8898
-5419
712
-1322
-1886
-5202
-6133
-7540
4264
584
-409
-335
-2338
8452
4367
4974
-5220
-8177
-6508
-6270
-4038
-8646
-9574
1997
3176
-5536
9651
7199
-9890
-2851
7546
-9334
-4812
3032
-7751
2037
1670
7525
4105
6645
1924
-6934
-4970
-3735
3482
9671
-5350
-153
-3938
2486
-3726
5753
9022
-1631
-3346
-2631
263
9902
3158
-6562
-9524
6841
-5626
-168
9234
3693
-1625
-1222
-5679
-6796
-9084
-8452
1679
9599
-6084
-474
1868
6515
-7376
1417
-5106
-2599
9574
9099
-3207
8691
9231
-9818
-3578
8232
8037
7607
1458
-1920
8602
-796
8753
6274
-4220
6047
-5324
-7544
5508
9838
-2368
-2495
3850
-4758
-460
-4472
3515
-6470
-3675
-1983
702
-5357
1151
-1601
-8458
-7081
-8076
-4604
-1046
7709
9858
1362
-6558
4003
7062
-5112
1662
5978
8268
6457
9122
-3109
-8475
-155
2968
-4652
-1890
5474
-523
2190
-1914
-5532
-1984
-6262
7165
-5604
-7102
-4126
5577
4994
1863
1330
-5205
-3709
-3103
-1597
2763
-4331
-1811
7994
8556
-7713
9492
6272
5406
4073
3169
4642
4525
5266
346
4215
-5155
-8603
9382
-8201
3168
7884
1663
-6121
8265
-1373
-988
4209
-8549
-640
-9495
4843
6057
1066
-9500
-9625
-8691
6482
9320
7589
8270
-3490
6240
1088
1325
2962
5551
1853
6373
8831
-1995
-7047
2158
-234
3211
2573
8497
7810
-750
733
1566
8640
8948
-3046
-5613
7202
2074
-8532
-8669
-5736
-8346
5245
5262
-4980
-6007
4794
-5958
-7892
190
-42
4682
-3039
8145
-3931
7301
7055
22
4315
419
-1389
4026
3422
6443
-1662
-7653
-866
-6078
-4786
8764
1572
4746
9182
-9089
-8463
1701
1056
7439
8171
8676
7777
-3958
-807
-4769
4459
-8675
1494
-7135
9530
2303
-3720
7089
-7866
-5556
-5500
-7592
-5676
-2526
-5516
-4207
6435
-3803
-4560
3603
9587
872
7673
3226
3443
-812
4964
-535
-6737
9931
-8206
3678
-5484
8264
-1588
-2395
2288
3018
-5036
-1741
-6292
8523
-5602
-402
7111
-6086
-7705
-7945
2728
-3536
-7150
17
2475
-3823
2365
-5588
9172
-4333
236
7033
-4124
9249
4194
837
-6398
3735
-5776
2326
6674
-8625
-2100
1890
-3447
-6829
-2485
-745
-3377
-7937
2780
6128
-4368
6082
-9938
102
-3302
4050
9013
-5705
-4162
-6650
-9796
8584
4508
7551
-1536
-7640
-6247
5805
-8952
5964
-4032
-3992
8455
-8820
5950
-4848
-9193
1200
-6542
-3517
-5657
9105
2795
-2491
-653
-7772
-1264
-3359
6702
-6864
-5242
9881
-9053
8548
-7682
336
-7137
-9561
3944
7119
7490
123
7228
-5421
8404
-1535
-8248
7951
4379
-5279
-3595
3344
240
-7196
1395
2960
4886
-3739
9193
8443
225
8017
4953
-3885
4156
-8778
-542
1044
-8228
-8607
-1942
-8433
9954
-8266
-6793
-6196
-2024
-9669
3588
-671
1044
3249
4738
8499
9882
6200
9070
2342
1002
9047
-319
-5371
5408
9899
-3791
7307
-9299
-5662
-97
-7184
-2449
5885
3087
-6413
-3576
8424
5129
-2080
-8448
6886
6865
4847
-8630
4637
5750
-321
-1373
-2226
-1148
9951
9093
677
-2751
-7678
2391
-3239
1196
3481
658
-6127
1617
5985
-6585
3492
-7855
6352
9254
6142
4596
-8500
5527
-1615
398
-9113
7728
-8154
-3166
-6656
1694
5544
-3379
-4150
-7271
5559
-6089
7302
7697
-4268
-6759
-9407
1274
-290
8989
-4683
-5250
4452
947
9260
2267
-854
8588
-7278
-7494
-9588
-5212
-7676
9787
-7702
-7033
-4874
9628
-847
-1216
-7334
-1901
8202
6382
-133
8428
-4679
-7977
-6215
9801
-5623
-4651
-2587
2860
-268
-4775
-2952
7690
-5035
2480
-7250
1598
8802
7980
-941
6012
4305
9047
9303
-6185
3534
2832
8782
-6010
-965
6828
9767
-6523
-2146
-4499
5884
-1906
-7417
1137
-3476
-7321
783
-8361
-9969
-1648
3779
9316
5415
-8274
145
-7212
2212
-7862
-9970
3603
4944
762
6723
-4360
-685
-9736
9314
1676
9755
-629
-7661
-4894
-608
7011
1342
5290
45
1926
7535
-6374
-9141
2714
-1142
8337
1463
-2780
-8873
-5285
-4613
-2533
6546
2111
2851
-841
-9274
-4796
-717
4349
5439
-1986
-8900
-6491
-1249
-1566
5214
2847
-9389
-5444
-1053
-8786
4553
5010
3954
3620
-6329
436
-5279
358
-4848
1594
1999
2711
4305
-1269
-5804
4669
818
9387
1036
-6494
-2750
-1008
-9117
279
-3385
7375
5536
8418
9909
-2394
6894
3448
208
6603
7722
-4103
7288
-1228
-1755
5100
2530
-2168
-8723
94
-4633
-6416
-2374
-8686
-2309
-5145
6867
-3599
-5009
7806
8658
6990
7435
3575
576
-1605
-610
9196
80
7148
4910
6019
274
-8086
6022
6245
4670
3349
-8208
-6661
9266
-4557
-3003
-6715
850
4575
2217
-2225
-6918
-8780
-8960
-9974
25
-4395
1865
-2255
-2036
828
-6585
-2083
-735
-8858
-865
647
-4320
8812
-7113
433
-8263
-3722
4404
835
-5447
4002
-1476
-7826
6059
-605
-1136
9521
-2984
8145
9108
5492
7307
-8945
-1712
1888
1650
-7444
5254
-627
6895
-7385
-7443
3019
-6291
-4430
-8139
8173
9744
-4011
-9627
5357
1395
8541
7801
4316
7169
1172
599
1225
-5053
-6740
-783
-2326
2335
-9581
-5523
928
-2544
-4902
5168
2450
-7350
4441
5243
5740
-3838
4182
-6466
4290
-2638
1941
8396
8765
407
-1737
-1555
-9675
5053
-7354
9693
-2223
-8884
1190
8607
-5941
-9774
-5508
-813
2619
-7299
6971
8535
-8509
-6670
-4450
9142
676
-6493
-3885
-9339
-9681
2924
2330
-9323
8159
4001
-8102
-1172
-9384
6597
-1942
6367
618
770
5123
237
-4520
-4989
-5019
2622
-5224
-5316
-2766
2243
-8418
3204
-4161
1821
-2744
5805
-6140
478
6651
4447
-3114
5888
4327
5712
-5721
6142
-8652
609
-6239
-9776
491
-6040
-8592
378
9910
-1054
5871
-8974
-8080
-8534
-7902
5741
-502
8332
-225
4770
-2285
-4461
3183
5962
7057
8673
6465
421
-9158
607
3940
-6517
-5963
-5764
7253
-879
-8911
7838
-6882
2562
-3802
1067
2653
-1918
-9411
-2659
-1418
-637
-7345
-8518
3172
1596
-2339
1575
5806
1263
-683
1537
3994
2101
-6886
8547
-9408
-3821
-7920
7478
2830
9120
-3969
-708
6778
1506
-5627
-3175
6089
6236
258
9961
-2385
1734
-3125
2017
-3146
-1560
648
7366
4834
-1155
4721
1124
7003
-6547
1697
9355
-6061
-3699
-8855
-1335
3785
-2200
-3104
7206
9939
1137
-7274
213
5184
8103
1114
-9175
3635
-668
2458
389
-4442
-8278
7698
-8653
2617
-5345
-1632
-5506
3227
4896
-5896
8470
687
-3843
3037
9372
421
-405
8701
-1409
1457
4790
759
-5732
5545
5341
6354
-7665
4648
-4607
8411
4075
4097
-1960
-4973
-1633
4932
-8690
6953
-8092
3667
9028
3572
2355
690
-9403
9301
-5558
6237
1075
1343
4784
7464
1128
-2018
6195
2498
4610
9061
-5587
-2165
-4195
6733
-2200
-5667
-1802
1254
5066
205
3731
-5453
-9174
9028
-3564
5185
-4639
9848
896
1532
2910
-8258
-3232
6253
6165
-4827
-9760
5085
-6721
7282
3508
6283
-1521
1388
-8764
-4133
-4152
5154
-559
1985
-5678
-6089
-1215
6517
-3796
-2496
2975
5183
-4229
-8634
1187
-2321
-6746
-9496
-750
1421
7225
6861
729
-7986
-8594
4470
4585
1587
-7582
-3323
-8600
-4624
1624
-180
-7900
9156
6931
1438
-866
4896
-5879
-877
-5289
8836
-3605
7375
3163
3816
-9406
5228
-2172
-6971
1117
1883
4427
-502
5919
-3239
7804
-6577
7209
-5332
-7910
9271
2086
8241
2911
-9333
-4987
7863
-936
-8061
3795
2811
-8286
-4955
3533
-6514
8464
2849
-7590
-9035
-8388
-1228
-4779
4827
2311
-1132
740
-4308
1978
7438
8064
2247
-3719
4483
-8591
-4786
7096
7069
-5481
-1501
9382
1125
6138
-3265
-5134
7806
-7710
-6831
2425
1393
1361
6562
8812
9714
-1711
-9421
-7781
-6522
-6888
4073
1883
-6872
-2472
-8949
-8882
-2805
-6007
-751
-626
5157
7243
-7116
-9760
-8341
-3157
-596
8412
-5947
6824
4348
9393
6552
-842
-7181
-5988
170
-1685
9732
3549
6550
2371
9056
-5879
6491
-2038
-5997
9087
-2858
1956
-9223
9948
1870
-8364
261
-8374
7042
-9912
9076
-5897
-2192
9312
3877
-8896
-1653
2383
9645
-9459
-1336
5168
-599
1410
8529
-6740
-2345
-1865
2019
786
8229
-8864
-5124
6867
-2787
2642
-4732
2265
1608
8926
-5928
-1347
-4965
-5254
-952
2270
8987
-4385
73
-4030
5158
2637
2997
-6852
-4782
4076
3712
-7961
-2441
-5662
-4644
3570
9202
-1655
6835
-1736
7750
9900
-4973
-7661
-880
6485
8706
-5005
7475
-9324
5363
3604
-4899
-5444
522
6556
3539
3943
3199
-8177
788
6667
-3738
-9649
-8414
489
3216
-4569
-4784
1939
8697
130
6062
2119
-1446
-583
1946
-8969
8205
-9649
5999
-5783
-427
-3156
2585
-6651
4742
-5726
2253
-812
5149
9002
-7496
-9295
-6702
3711
-1966
-703
2325
-8237
5797
8640
73
3858
-7042
4581
-574
-2152
5670
-6784
8201
-1602
3841
3671
-8496
3494
2779
-5508
-1455
-1969
-4112
-5187
-2623
9852
-667
-4521
-4483
1526
4050
-75
5716
-3546
-3610
-9903
-7113
900
-7601
-3312
4208
8257
8811
8724
577
-9866
2395
-9622
-3094
5331
8616
5565
6596
8724
-4444
3573
-1000
769
-7900
-9487
-9886
5355
8034
-3070
8287
-8877
1644
-5192
2050
3290
1269
1287
-2077
-9025
-8336
-2385
9005
167
-2732
1745
-4636
6601
-9480
1275
-1224
302
-4642
-6458
3707
7861
8923
6147
6207
3604
5114
4848
3795
6753
8390
-4265
6864
-9054
2046
-1993
5407
-9990
6914
7786
-7214
9521
1821
-199
-9761
781
639
8531
3406
-9268
1662
7492
-4260
-9466
-8778
6635
-3509
-4249
-4096
-1581
-4826
6143
980
-8726
-8007
-1247
-2913
-1969
-1390
3130
6653
7431
-5921
3152
-7194
-9291
-4509
-8658
5546
8651
4343
-6275
-8605
539
1265
-3158
-5504
-327
-831
-9216
849
-6735
-9829
7077
-7263
-2388
8228
6972
1268
-9380
-7159
-1156
6335
2338
9569
-481
-7519
-3574
6062
-8641
-8949
-7669
-4145
-9970
5414
4110
-6867
3120
-461
729
9278
-9145
9845
5530
-3027
-7333
-6753
-9409
-4694
-5117
6387
-2170
-1970
2330
2052
-8751
2311
6905
-859
-9959
-6808
-4355
739
8477
-714
3418
-6899
829
-6911
6195
9775
-7130
2838
4383
-623
-5663
583
546
-5848
-2960
-182
-7939
8334
569
119
-6133
6532
1663
-9487
-3943
2015
127
7479
3803
1772
7000
-5556
7106
-9090
6692
-642
-5587
-7325
-7694
-2913
8522
359
5810
1451
9020
-2941
6261
-2576
3375
7874
1115
1859
-4391
3480
1430
1196
-5850
-9918
-8065
7595
2062
833
3363
-2715
-3404
8588
-5266
7843
2904
2300
-5514
6656
2761
7222
9909
9202
-1724
8829
78
9531
7502
6687
-4260
-417
-2742
1253
6679
-9912
4511
-5214
-9990
-5846
4375
9593
2801
-7444
9450
-7924
-5631
3505
-8292
-5620
-7581
421
3212
8157
-5942
4303
-4050
7455
9385
-8707
1774
-2504
-6076
5952
3766
-4910
-470
-4811
-1462
-6220
9710
-7814
-3891
-71
6709
1568
1133
5696
3557
2133
9909
9247
9629
4725
-6196
-8760
3720
4219
-2071
-6563
6050
5963
5355
3411
-6457
-4115
8177
4815
-1461
-1377
2976
-594
-9033
1955
1138
135
-5478
6557
3122
-1847
7294
-7406
7234
3376
-3387
1443
-7147
-6462
-8463
-1877
-4506
-8416
-3425
-5401
-87
-9942
-6975
6238
-8152
-6356
-6536
-3515
-1900
-4062
8090
-4161
-6644
4314
4880
-8690
-9173
-6537
-2741
-7627
1848
9954
-6357
1062
5243
1805
-5504
-8974
2788
6574
-1081
-8060
-4184
1265
-6101
5256
-5796
-10
-7259
-5575
7039
-6757
-9615
-7575
-3374
9574
2307
8859
-7373
7631
487
-1353
100
8386
845
4156
1539
-1120
9390
-7420
2134
-9739
2000
2070
3056
677
7419
2863
4057
787
9754
9110
5513
2894
-7229
-8174
-9572
-2111
5290
2836
-6302
-8535
7970
441
2639
9234
7490
1090
-731
1499
-9959
911
493
-4132
7467
-345
-4727
5851
3927
7243
7652
-3105
9261
1236
-4789
5476
-9740
-3166
-1769
-3317
-8066
9966
-4972
5833
-8441
-2047
3423
-8527
8818
965
8240
-7479
-4546
-305
-7257
-7129
3620
9666
2219
6442
2858
-14
2649
8134
3020
2941
-5906
-1601
5612
-3243
9275
7096
2426
-5342
-531
-8963
9309
-3943
7223
3564
-2888
3450
8278
-7454
3215
2300
-6442
2371
5255
-3505
7910
-7474
-5921
4293
-6676
9459
-2023
-9673
9103
5062
756
3202
-3859
9093
7949
-6901
8885
960
82
-2936
4703
-7881
-9477
-7020
496
3091
6614
-2704
-3268
-2071
6100
9872
4336
-1426
-8701
7441
3207
3644
1178
4323
9752
2389
-2002
711
-1588
-2207
-7351
8899
6262
-4567
-1276
48
3867
2248
-3220
-9646
4520
3448
-5954
9234
-8349
8957
-9200
1670
3171
6602
-9625
-1839
9531
-7872
-9043
-2104
-9310
8410
5766
2268
5622
9070
9795
7463
4897
486
689
-2100
-3782
4912
2870
7640
-7455
-1502
1818
7962
-1455
-8720
4246
-6456
6194
-1819
1967
-388
-8081
1132
3063
-3165
-577
2871
-1473
-3614
5355
-2744
4890
3321
2509
4611
9258
-8676
-7356
-2886
-1883
-8480
1794
-3833
-289
2889
-1519
1272
6151
-5818
8170
-5902
-517
7702
-575
7417
7888
7955
5829
6698
3643
161
9069
1448
-7209
2835
-2857
-6047
-1052
-6410
-5829
-7298
7327
-1832
-5026
638
2401
-8012
-1623
2798
7360
-9423
-2597
5190
3155
9239
8850
-6734
7782
2491
-1997
-4595
-1991
2466
-3535
2237
4912
7522
-6058
8759
6253
3808
-1028
-3919
2090
-5124
-916
7964
2314
-1195
5151
9081
6861
-4272
-5375
998
1848
7705
-5502
4542
4136
3152
3748
5730
3860
-2067
8509
-7618
-1462
7652
5429
-8831
4048
-2984
-4187
-4520
-7
-5669
-4174
6291
-1313
-7858
-4364
6732
6824
8686
-3377
3926
-349
-4444
8302
2233
9047
-2891
-2953
6412
-5422
-5595
3412
-8051
9769
-6936
-6244
3885
4736
112
7873
377
5830
-5562
-9517
7541
3728
-9954
9996
-3838
-4555
-6140
80
1932
-6247
-345
-8064
7901
2821
1271
9996
-6542
-1091
4691
-1143
11
-1400
-5288
-885
9051
8149
-5807
-9586
-9902
2485
-9296
6015
-5161
8907
5284
-40
7573
-9678
7950
-3593
-37
9019
-2854
1196
3420
2788
-1654
9377
-6130
3073
951
-354
-6886
8828
535
2
-6393
487
-2205
212
-3971
-9449
4764
-6617
-6468
-3612
-612
-6055
-7232
9458
9129
-4392
-664
1478
6175
5127
6931
1099
-9400
7300
-972
-1598
-3913
-7369
140
7180
-6703
8292
-9054
-5068
8959
-9565
-7133
-8680
9760
2223
6376
-909
-9594
-6731
-7291
-3211
1440
-4485
-8213
6751
-7643
3417
6980
-5231
9221
-4557
-2333
8295
-6406
2987
6876
9324
626
6115
9847
1418
5515
1516
-1354
-1356
4766
-4153
6869
1912
-5102
-3762
-7927
4495
-7997
6603
-9349
-513
114
3074
-3527
-6916
-6919
6436
-1265
-2479
1346
-582
8338
1455
-9553
5975
-624
-9941
-568
3668
7329
-6016
-6383
6792
-8643
1337
5305
-8715
143
-2824
4709
9102
-7168
-1013
2166
1988
5963
5315
-6872
7948
-8926
-8090
-3598
2143
-9189
-3046
-3573
-2966
-1987
-5514
-49
8229
924
-1582
2857
-7594
2549
1745
-9138
-9217
8475
-8956
-5971
-8707
80
-7335
6416
-5391
-3952
-3726
-3450
-6554
-9722
-2828
2936
2539
-2839
-7737
-5434
-9751
4751
-8845
-8982
2650
-614
-2842
5885
7720
5692
-1559
7973
1947
-1266
967
2508
-3412
1659
8601
-8812
7979
2343
-9841
-6343
4318
2909
4333
5573
5081
304
-8867
-916
2681
1003
3393
-8841
-7403
5908
1887
7804
-9344
6550
-9965
-5087
-9610
9336
-1748
-3865
-9172
-6454
7593
8727
4643
158
9191
1650
8021
7595
6634
-7691
4280
-7479
1210
5339
8676
-7810
5223
9243
4567
7866
-4279
3342
8891
3190
4065
-750
6546
928
5597
7427
3325
4868
9134
-1223
1203
-845
4442
4717
5982
6918
6221
3110
2884
9907
2332
8934
7918
-5396
9978
5580
2538
2137
866
3586
-6263
484
5382
9239
9098
6381
2953
5899
-53
8905
-5583
-5686
1191
6978
-2726
9745
2998
7751
-9652
-2024
4819
-440
-4370
2088
4125
-1715
-82
-8626
-9313
-5339
8510
6258
-4322
-1639
-5778
2667
1759
6462
6543
9788
-5008
-1995
8600
3035
433
5468
1006
-9963
-4970
2662
5620
-7961
-9588
-3036
9556
-8835
-1811
-2775
4396
6362
2360
-933
7354
-7013
1898
-963
-9119
5013
-1989
-3295
-6807
-9009
9096
2500
-7064
-1847
-3614
-9394
5330
3999
4254
5665
-2800
-7097
7640
-3210
3306
1832
-2981
-5721
3325
-6559
780
6825
5659
-3184
-9897
5176
-1912
-739
1393
-4093
-2225
6308
8016
8447
4218
4003
-9855
7589
-9478
-2925
9380
-5355
-3846
618
8551
-9276
-444
-5560
2105
-6418
-5165
7519
-1899
-8363
972
3308
-3698
-3631
-874
8577
-7365
-6892
8580
4899
-331
181
8220
-8900
3316
9865
9071
-4812
6546
7448
6487
-4078
593
-9336
8101
4176
-4395
-9924
-9410
4711
-5719
-1223
3808
-2793
6118
-8884
2208
5106
-7038
8477
-6687
2065
-166
9282
6104
-4742
-1168
4994
-9720
6952
3253
-7489
-8735
-3128
9310
-5684
4022
-5405
8251
-3346
-763
4548
8382
3070
-2714
-495
-4678
-5626
4436
-8290
-3913
8139
7417
4404
3054
-9336
3686
3171
-4140
-2149
9248
-4288
4598
-151
5597
-9912
8691
-6067
4347
9748
-2735
4671
5134
-9820
284
5172
-8359
8888
-7090
3681
-1461
-2860
6550
1713
5384
9228
5666
-4088
468
-8695
-3283
-2077
-1938
1065
-5500
-5973
8233
-5726
7208
-2667
1790
-5521
1067
-9522
-1148
-9364
-2594
4218
3326
134
4161
8859
-6274
768
3625
2498
5282
-1277
6244
-8100
8465
3492
8617
-7223
3379
-707
-2059
4401
7338
-1176
6864
3499
72
-4139
6510
-4833
4007
-8039
-1220
-4763
3954
7024
809
-1074
230
1880
951
-3158
-2982
4385
-9356
-9744
-1380
1949
-9335
8061
7795
-1137
-4333
-3318
2443
-4478
-1813
-3650
570
8440
-7523
-621
-2352
-5066
-9088
3271
799
-5688
584
9130
-8655
1928
-312
-5969
-8539
1924
9816
-512
4339
2420
-5018
-1115
-8148
2945
5843
-9175
5638
9689
4072
-981
9663
5730
8
-5907
804
9913
-4293
6829
2504
-7793
-1973
3857
5018
-1643
-309
8956
-586
-9636
-6956
5080
8327
-6965
-3285
-2068
4982
6858
5632
-8229
-9436
2867
6823
-5547
6885
2124
8977
-5769
-131
3358
-8627
-5372
-5061
5954
-8140
-4551
3071
-3666
4153
6886
7058
-4997
-4833
-4640
9478
-3838
-5219
-7683
-2056
3668
133
-7001
8011
-8821
-1090
-7306
-1733
-4592
1690
3409
-8295
-6266
8695
-7145
-3174
7355
-6673
1025
-763
9585
-3394
-8836
-2184
6264
4652
6920
9090
5188
-511
1323
-3442
-8554
-6422
-7765
7953
-9701
712
7324
2484
-7913
4154
7560
4404
8279
4277
-2113
-9278
-8659
8481
-8052
-4630
-2273
1211
2774
-6042
-579
-7517
-320
7500
-4233
1341
-7546
4240
9094
-1355
-5376
-6078
-8748
6014
1554
-7325
9236
-6041
8259
-7223
-3891
5100
9254
-6749
-5276
1936
3692
-9152
220
-1695
7135
6886
-7726
-477
-8638
-4633
-4732
-7902
8758
7302
8509
321
3616
-3405
-3627
4315
4978
8346
-6466
8989
-6476
-6394
9731
1991
-6025
1994
-2579
6141
-9758
-6012
-950
-5972
4914
5823
864
1546
9035
5858
2374
-74
7019
-8482
-8837
3299
-7230
8776
-9866
8362
-6420
1873
4820
3508
62
-714
-9812
6820
2777
-6148
-3742
-1752
2616
-390
2992
1812
-9046
7574
-3333
-7553
9217
-920
1042
2686
181
-9398
8625
-5681
-711
4085
646
6387
4055
9617
3851
2631
-9798
-562
-853
326
7229
-3206
-1967
-4291
3010
-3488
-8474
-964
8566
-1409
6740
7016
8002
-4462
4974
-7795
-2625
-9948
-7150
-7158
1736
-1581
8786
1716
5268
-4668
-8799
6466
-764
-6283
-1478
-5558
3312
1163
-9624
4963
-6972
-4212
7069
-2621
7562
1896
9302
-4978
8737
8587
186
-8976
-7884
-7747
-3775
-2686
9729
-1655
8133
-3594
-9134
-7914
3528
-963
4274
-401
-5219
2566
6864
6825
7098
-9374
9129
2255
-9541
8274
-7929
1058
8133
4015
-1989
-8903
1259
34
-9057
-6687
-9256
1549
8415
-4461
-601
-5447
-2445
8437
5463
-9590
4550
8233
-4421
9359
9824
680
7271
-307
-8896
-6469
4969
5611
9418
-2955
-9102
-4995
-3953
7989
-9574
-3966
-2526
-2262
3220
-3589
7257
-585
-904
7601
-609
2767
-9710
-5401
3964
5052
-5283
-5823
-9839
-9440
8727
-1249
-1992
-1270
5176
-5789
8110
9211
2341
2337
9574
9259
-142
-4568
-1848
-6494
4318
7511
-5770
1540
-3191
4171
-6109
-64
8953
-4299
-4906
3564
-9122
-3363
-5643
-6861
-988
3661
-2196
-3769
9272
7257
-8807
2927
9875
418
-9064
-9585
-2272
2197
-3785
-2186
4001
1050
-3676
8194
8991
1808
6302
-8822
-2137
2921
7042
1396
-4959
-6750
-8138
4965
4051
2725
-2699
-6243
2028
-196
-9961
-9290
-7916
-8795
-4547
-7489
-7314
4918
-8663
-4679
1753
311
-4149
-473
-3598
-3465
-2797
543
-3978
-4207
8518
-9172
-2319
-8933
9128
4072
5368
-1266
-1022
-6542
3349
-6387
-177
-1830
8407
-8937
-2203
3475
7199
4108
-6734
8820
-9678
-8115
-6008
7844
7928
1287
-9851
-5396
7574
-4476
4721
6717
177
-5235
1606
8239
2946
4039
-9676
7502
-9073
5695
7936
6728
-5384
-4812
4800
-3656
5730
-5313
-6144
4852
6220
-375
5612
2852
5102
2872
7080
1370
7442
-5503
-4343
2243
313
3951
9157
-6364
-5875
-5446
-411
2776
6590
5484
8802
-6261
1232
-4706
-8444
-8288
6859
5168
-1548
-7161
-1819
8448
4791
7749
867
8605
9194
-7531
-4031
-7858
-6670
7402
5155
3731
-1999
3488
9372
3273
6981
-6392
-855
-5289
-7253
-5966
9166
7388
-2792
-7378
-814
5276
-9072
-3949
7209
9054
-9046
-5929
2575
-4357
1991
-5181
-294
1563
-4843
887
-1939
-1317
-9896
-6685
-6176
-67
6925
-1128
-7452
9501
3183
8470
2248
9713
7560
3682
-1645
6721
8181
9133
412
-6972
-7279
-4788
-775
-7768
-4714
-5794
2433
6384
3864
8205
-2458
157
336
2773
-4461
-5738
-4833
2853
8162
-8278
-7805
9328
7620
511
1103
4928
-554
4628
-2953
-577
1148
-4300
95
9303
3817
-3370
2446
-6762
6805
2229
-9621
7751
-9362
-9782
-8531
2531
-126
-4781
1056
-797
1084
-8520
-6151
3771
-7589
-3334
4759
-4359
2302
6486
-4573
-1772
3516
5726
7371
-8821
6667
3566
2044
2243
-1800
203
157
4678
-3266
-3085
3130
547
3285
6217
9608
-546
-9744
4071
-364
76
5914
-9267
-4608
-837
8890
-1776
-2302
-1965
-4833
-3927
8808
-7636
8419
1873
-9763
-4141
4681
-5369
-1981
1253
1674
7854
-2880
3317
4615
4466
-2403
6244
9460
-8746
1335
-2899
-8289
-4503
9051
-6167
-7357
8979
-355
-9214
4081
4571
-4417
-2515
8122
3194
3989
6887
-9865
7439
733
6283
2676
-1338
-5300
5160
-2415
3514
4640
-3789
1155
9208
-7410
-4584
1210
1705
1028
-7338
-4751
-2545
-14
-8897
5233
-2189
-8594
302
5815
-1884
-3057
-440
-600
7525
1536
9586
1200
6078
-2500
1131
-7628
1147
7795
4544
9354
-9528
1448
5626
-7881
-837
8451
6493
7202
-4793
2450
7730
4498
-3646
2615
-5900
-3096
-5547
-85
-8941
9354
-8062
608
4669
-4329
-9729
-5637
480
4326
-2598
8749
-9928
-3234
9078
-2204
4562
5546
-7765
7966
8078
-1691
3992
5302
-2201
-6978
-9516
-6452
-5359
-4918
-2776
9649
-1788
-4151
5256
322
-9686
8334
-8617
7036
1081
8695
-3749
-6527
3940
-5869
3562
-7021
-8589
1344
4301
6928
7982
3995
-4828
5637
-1469
9766
5722
-9927
-3378
214
-6465
4776
-8794
7205
3068
-9965
7484
1151
9897
-6150
4256
2386
9567
583
1072
3291
-7745
-5708
-3264
5209
5335
-2701
5638
-48
4241
3764
-5202
-8515
8500
-9993
-8657
8561
-6050
6746
-679
5924
5733
8162
-3747
2447
-5124
2845
-2140
-5585
6202
5580
5966
-5447
-8132
-8026
2379
-8494
3032
2486
-7090
-2705
-7168
-2758
-1705
-4992
-7616
9135
9125
3157
-1089
-9543
-58
5531
-4909
-4241
-5665
-2120
3382
-1457
9303
4889
7898
-6194
7443
-8055
-742
-1460
-4779
-7070
-42
-5882
1222
-2614
2510
-2180
-1502
-6822
-59
3241
9462
7529
1377
4864
-8419
-904
3554
-922
7154
-203
1381
-1782
1261
-8379
1131
1082
-5969
8419
5726
-9114
-7608
667
-611
2910
-3727
-4989
5971
6313
-235
5052
3020
-432
8904
8558
-348
4706
-3361
-7562
-2644
-2752
2650
-9697
6123
2509
7750
-9424
5890
-9818
-4725
-6982
3214
-7959
-2180
1324
2991
-3729
-1330
-8772
-3465
9496
-9085
-1242
1954
3294
6371
-1571
4991
-7498
-5696
7352
8512
-4719
-8201
6122
1428
5196
-2080
1797
4583
-2243
-3633
-5170
-1608
-1345
-5495
4676
4094
4562
8547
-6719
-1112
-7188
-4987
-4075
-5021
-5058
5007
-3210
3658
3823
-8831
5344
-9225
2128
-3336
-577
6492
2590
-2506
7045
9218
-4447
9017
-2659
-6900
6233
7891
567
-7674
2522
1320
1652
-1951
-2220
2852
7946
-6382
-5471
2187
1002
6865
9822
2587
910
9762
5204
2497
6028
4119
-1807
5678
-5150
3754
8879
-371
-3197
5549
6535
200
1314
-9149
4937
-3341
8663
-3955
-6130
9522
-962
3136
2835
-729
1804
8591
-7885
3401
5940
-4341
2756
-2061
7877
2813
-6183
-9677
9929
-9979
2616
-8275
-299
5265
-2386
6562
-2368
-4066
7594
-2290
-8727
-6345
1279
-4669
-5267
3570
6734
-722
-7934
7563
7832
-1979
-4069
-2606
-2862
-8255
8243
6937
-7544
-8259
-6715
-1653
-3823
2674
-1924
-1595
2777
3902
-3075
5413
-8579
-9380
230
-3927
-6810
-2684
-9987
-9828
6276
6162
-9764
7538
8753
8611
2521
9601
-4828
8918
-7014
7854
8398
-2284
99
-9576
-9268
-518
-6433
519
2595
4014
-9966
4890
-400
-8008
-56
-1391
-3360
-7749
-6395
-8497
6413
3437
7490
-4516
-9230
-9316
6640
-3223
4408
2127
9403
9167
9174
-5638
2972
-8235
2715
4178
-6689
8145
5035
550
-6797
-5580
1135
-7052
6671
2293
1264
9407
-2891
-3062
-694
8343
5734
-8703
5717
-7959
-5567
4080
-6154
-1608
-9178
5999
-3893
8026
8466
8979
8275
6014
8529
-5186
-7901
-6418
-9599
-7469
8879
-91
3257
-6623
8040
4501
3855
-4268
1747
-7660
-6884
-637
9220
3499
7559
-5046
-8821
-8000
5504
1398
9498
9918
-9306
-8851
3530
3339
-384
565
9877
-2016
-7785
-268
9653
-2182
-9727
8199
4898
9024
738
2063
4364
-1258
1508
-5097
-5833
783
125
9655
2039
4719
5155
-4399
7310
8141
2184
4529
-7561
3615
92
2433
-9258
8473
-9058
-7430
-3932
-5774
6477
-3705
5647
-8167
6165
-2656
-6816
5349
8877
8554
-4678
-4726
2681
9765
-6069
4578
7523
-1770
4640
3925
-7603
2658
-5715
5998
-8862
6160
3720
6258
8034
-8312
-584
8326
4100
3518
-6893
3056
2886
7607
9018
-8688
-8746
-648
4394
7904
6845
-9786
-6271
-7983
-1569
6845
1579
2494
1786
-5783
6964
1192
3124
117
-1336
834
-5044
8801
5317
-7045
-4035
-6643
1718
-4053
-7582
-6076
7958
-2126
7100
5411
-9127
5475
-9634
1019
9608
7384
8453
431
1715
-3281
8759
7135
3208
-7943
-734
-6065
-2458
-4672
-5110
-8560
-1890
-293
32
-1917
576
-3331
2220
7011
7232
-892
-8835
-6173
-5040
7713
6469
-7897
-9276
-4952
-5238
-8244
-4986
-3833
627
-2691
9315
1118
-5685
6785
1301
-4299
-6012
-5979
1904
-442
253
-4988
6582
-4002
-9702
-8423
-7544
7588
9876
-8994
8261
-7167
-96
-9382
-1621
7424
-1608
9573
-8804
5300
5831
-8249
-1313
5817
-827
-1854
1432
-4348
6975
7499
3778
-8756
-2141
8312
331
-6997
-4131
-6729
6779
-2124
-4059
-1298
-9569
-5349
5049
9556
5257
-1471
-3556
3203
37
5205
6281
9247
3232
-7236
-9277
6999
8210
6848
-9415
-795
-4071
1382
9404
6141
4682
-2342
4653
-4701
-2603
-5592
-9596
-3765
-1622
4469
-9755
-2824
4228
1228
866
6735
8471
8624
5142
-8560
-9710
-1704
-5932
-3670
-675
517
-2744
-6445
2574
-3984
1512
7606
-8039
7524
-3830
-966
5652
8280
7620
7295
-585
3513
3761
9707
-5549
2545
-8096
2262
6699
-9879
8153
-5555
-1167
3668
271
-9139
-824
7912
7419
3339
2600
-865
-9110
9377
1990
-6622
1148
6222
-4743
781
-4235
-7546
74
-7760
-8634
-9850
-7003
7376
-2576
544
7733
7919
-5339
-2982
9160
144
1259
-7
6608
-6669
-2819
9728
-9551
4062
7617
-4695
-6350
-6497
-6584
6625
-7786
7080
2194
4120
-1240
-6179
9205
39
-3976
-6137
7301
6412
7340
-6136
9888
4587
-4234
2236
-9626
-1808
9010
-9042
-1092
2459
-5401
6505
-359
-5055
-8196
-3274
-2979
448
-1409
4492
-2592
-7360
7636
3400
-3003
4998
-922
-2424
9436
-5386
1721
-5902
7978
2645
-8456
-1212
-1575
-630
8515
9158
-7788
-4550
6838
-979
3161
3284
6960
9024
4149
1293
9859
-12
5053
1059
5172
2795
-1197
4876
6940
7138
-5978
-6742
9594
3027
1647
-3227
-235
-9334
-7220
159
7450
760
-3556
3438
5177
463
-898
5064
-9879
-525
-8560
6183
243
2556
-1347
9396
5011
4434
-2612
3578
-9418
-3121
-3787
2259
4123
2464
6393
4401
-5612
7512
9904
9005
-5892
-5712
-5041
-7627
5119
457
-2650
-3958
3878
5609
4232
2714
-8168
8709
1178
-1419
-383
-966
2971
-4449
3133
-5883
-1644
317
-965
-1699
7099
2296
-1981
423
8443
-7368
-9222
8064
5439
7144
3317
9721
-5927
-2573
-8085
9401
-8910
-2312
3876
8837
3935
8217
7367
330
8264
-547
-4242
2717
-7120
-1831
5507
3872
-6680
-2409
-768
1892
-2534
9953
-6438
-4573
-1483
-3779
8265
6137
4709
-9507
2883
6649
-5139
-4386
3128
-2759
3812
535
6181
7305
1564
-1262
1947
6586
-6941
-4935
2329
8736
7706
7228
-2887
5853
-3220
76
7863
-2067
-5158
-4852
4074
-4307
9791
-1446
-4565
-3793
-2047
-9772
2852
7857
-6234
-1381
-9618
-9358
-3765
-7463
7313
-4614
-7686
1095
8245
8106
-3468
9372
-2460
6197
2760
9908
5669
1371
-2537
-6315
-9473
9537
-7501
-6394
2681
3671
-2078
9786
1959
-164
-6929
7825
-2609
9972
-4091
-5012
-5965
9929
-5004
-2281
-4649
-4489
9214
3279
5768
4910
-9003
8410
4109
-3069
-529
3400
-2355
-6937
-8074
-7812
5799
-2900
4912
-8018
1235
986
-1008
2600
-7944
9239
-7792
2306
4054
8659
-7073
-8973
4245
7263
9292
-1065
7068
-8363
8414
-7822
-3253
6462
-355
-4323
9912
9032
6239
3265
9449
-6428
645
-592
-4033
5214
-6022
3199
2057
5731
8562
-9077
376
3492
2622
6351
4883
7885
-932
-9560
6588
7149
7554
-1892
-5849
3811
3279
-1294
-575
3462
-742
914
6004
-2695
-1724
2108
-5493
-1276
-4951
-665
-5345
-5984
2197
-3138
-4663
-6445
3507
7310
346
-3532
2487
-8969
1540
8977
3514
-535
-2379
5008
701
-1260
9372
-6613
-9514
9514
-3225
8537
3593
45
4112
-2772
5268
966
3895
2868
3488
-4598
-9020
8824
-1853
7028
2108
3777
-8402
940
7062
8793
-2577
-4103
-7809
-6745
-7757
7240
5495
7951
1762
-7556
1766
8059
-2314
-1149
8443
5354
-6007
-6007
-1751
46
4776
-5670
1287
-2153
-5961
4079
1848
7774
-1227
1651
9546
9236
-3605
-4102
2382
-3631
-5816
-8321
-6268
258
6024
6631
-5597
6033
9257
8303
-5586
891
5732
-8386
6923
6444
-6849
-7373
-7567
2562
2893
7357
1706
9405
2566
-1410
8123
-5372
347
8429
-3488
-8322
1160
-1656
5386
-1923
1997
-1686
-789
3584
-5737
9102
8380
-4758
-7306
-4110
1555
-2301
9108
-6468
5697
3036
7387
6991
2479
-6824
-6328
1502
1472
3419
-2165
-8123
5178
4931
8480
5426
-6817
8573
-4535
-652
5723
7993
-5619
8732
-6174
9117
5359
6046
275
9188
8879
-2049
-3993
-4521
-9819
8182
-4166
5902
2800
9734
-28
-3358
4115
7054
-618
-4190
-6447
2846
61
-8404
-3620
-8584
2248
7656
3540
5118
-5879
7567
-8682
-4425
-6422
9148
-1866
-7236
-3732
-1802
6612
-1306
2690
8220
9200
6203
6063
-7334
-6555
427
7020
9448
-7186
-5863
176
466
2501
1017
5739
4764
-2453
3390
8395
1243
-5258
-2268
4938
4807
-6165
7691
5141
5199
-971
-2944
8022
3818
-7212
8937
8380
-7009
-4939
5351
-9518
-7631
3308
160
-362
3407
-3811
891
-8931
3251
-1814
-1234
-1473
5932
-7063
-3163
-9522
1447
3870
1502
-1923
-1514
-2102
-1495
9187
8873
-950
-6019
-3898
-6621
8670
7703
4889
1166
4217
3254
-2380
-8861
3952
9474
-60
-658
8078
-442
-8633
7459
-7150
-4687
8655
8604
4171
-6041
5587
7489
-904
-7926
-698
-6772
-8323
9581
-7287
1850
8922
4402
2008
-105
6383
8099
981
2664
-5541
4633
1248
-3128
-8000
-8870
-9815
-7856
6183
-9699
8291
2476
-5325
-9879
3836
5932
5540
8474
-5539
6952
4875
3800
1584
-7051
-283
-5245
7303
-9947
2697
6429
-8018
9504
-6976
9515
-3293
-7362
2708
7006
1741
-2111
9499
-7003
8816
4641
-9273
-7540
-44
-903
2944
-5883
-2622
1479
4722
-7887
6694
8603
-7201
8693
-4222
-4819
7509
-2060
4654
-5528
-8279
9151
-298
1869
8920
-2927
7612
5786
-6681
468
5645
3584
1424
1839
-7226
-1015
1829
5644
-4916
5542
-9368
-1414
1158
8414
-211
-5935
-8724
-6169
503
5526
2765
-3474
4600
-8825
-5168
4112
860
7787
1132
8352
541
-2964
2211
-109
2803
870
-1699
4317
-6239
8726
1554
-4102
2070
5851
9601
-2996
8496
2634
4712
-2143
-2951
-4896
6966
-9993
-2653
9187
7023
-5283
3551
-9182
449
1358
3317
-1367
-3992
-2687
6966
4427
2875
-3965
5505
-8034
-7182
4597
-4381
-2430
1616
-9237
-1595
1224
2102
-2830
-4119
8817
2913
7558
8369
-6127
9350
1833
-934
-8295
9183
-5001
-1960
6520
-6853
-2931
-3078
-2586
9170
9973
-2846
-3381
4203
9912
-3025
9218
-9062
-6449
5262
-544
-6883
-3729
3561
-8963
-7603
-9767
-5884
3457
5180
5820
-5968
4519
-6702
9285
-1508
2867
-1018
6046
-797
-8484
-6506
8952
-9144
-3701
1899
8729
-3945
-663
-11
-9913
182
-868
-1588
3274
1519
-5783
7925
-1809
7307
3666
-4512
-2905
-2632
2890
-4978
4539
6967
-2748
-686
9988
-3540
-2901
9379
-5520
2606
5051
5568
5081
-52
-3006
-8004
-3258
-3971
6162
-6733
4061
-544
903
-7618
-6984
7390
-2468
8721
4810
-5052
9564
2538
-1085
2745
5365
-5769
-2972
6368
5935
-9172
-1990
-2305
-2697
-2021
-620
-3881
-7796
8871
2317
158
4326
-8768
1730
4387
4986
-2821
9017
8842
-3416
-4363
6481
2600
7722
5997
-6489
7225
7236
8179
132
-8129
-392
-7575
7620
7008
2985
-7398
1656
-8432
-2365
8956
303
4351
9300
2065
5439
-8250
-7325
5324
3720
-2754
8370
-2474
-2669
2059
-5663
-1310
6061
8061
-5893
-2350
-3843
3375
-5189
-3249
3742
-2088
-1105
-648
-4676
-9517
-7741
-5318
506
-665
5507
-6513
5579
-8514
-9474
1030
-9557
-5257
-6600
6692
-8349
-4344
-873
-6532
-7971
-675
4616
2054
4210
5688
-2943
4632
-5002
6011
-8953
-2350
3644
-329
-8925
-3589
-3450
-6799
-627
-5073
7943
-8556
3505
3776
120
1812
-4636
2758
5155
-6624
-2531
-8643
3830
4172
3124
-9465
-8859
5028
-4521
1722
9684
6623
2230
1280
-4523
-9068
3931
-6231
3326
4438
4911
-6461
-7303
4059
-2953
8656
1577
1211
6437
9759
2512
-4933
2125
4334
-1532
4523
-841
3386
3659
-888
-9865
-3758
-4394
-7144
-6236
8297
-7151
-2568
-979
-8167
3454
-8715
2951
5888
4161
-7055
-8652
1590
4421
2300
2170
4506
-6051
-5053
1744
-5418
-4840
-5036
-342
7998
3266
7439
-2996
2427
-1927
1652
-3875
-6130
3044
8911
-4014
3649
-1173
-492
-4497
-1242
-2543
1033
2051
-6760
5926
2600
4011
-1437
-1646
-7018
8543
3384
-1900
549
-4713
-3850
-9308
398
1401
-5618
4964
3762
2330
-9899
64
4728
-719
-5503
-7725
-159
-2171
7179
-6467
5144
-4698
1099
8338
-9137
-6455
-3012
3332
4611
-9974
3080
3803
135
-2149
8413
-65
-5289
6922
6399
-6949
2558
-4808
-8818
-6806
-6971
-4755
-8167
4214
2245
8903
-6235
-1017
-1405
-649
6933
8151
8542
-2829
9477
-7200
2057
-5407
-4498
-536
-4383
-4489
3216
-7288
-8420
-4485
-1499
-6990
-6057
4183
9203
-1476
-6925
1696
7743
-2810
-1120
2079
8068
-190
-7533
9819
5586
3170
8071
-2153
-3559
2475
-5471
-9665
-810
-3959
2166
3381
8273
4891
7852
-8905
5184
-3064
-6435
-6154
2939
1315
-4113
7112
-5991
-5711
963
1868
-7806
-2404
-1713
-1613
-5268
7979
-4236
-8154
-7841
3650
-9369
-188
-4791
-6643
-288
1584
-742
-192
-1971
-5579
-8383
-7328
-7783
3229
953
7525
1702
7279
-4884
-5684
106
6808
-7624
9168
9723
-7319
6888
9305
8778
780
109
9958
9683
-4055
1488
7956
-462
8612
7106
-1630
6151
-7075
873
-7569
-9371
-1778
2780
602
394
-1261
6024
-990
7010
974
-6748
-6998
9807
5871
-9296
2088
-4409
-4681
-6957
-752
8119
54
9259
1811
-71
5961
914
678
-4250
-5097
-3088
-205
-8367
196
-1846
2829
-7508
-6072
1551
-172
-2150
8943
6210
2569
5757
-749
-7453
5399
-7476
860
6061
-4541
7868
7955
8936
-7280
1901
-7758
803
-9683
8242
-1954
-345
1122
4480
-1769
3669
-6593
-5354
2254
-505
-9233
9359
-8929
-1940
2288
-8922
-7879
1030
-7981
-2059
-787
3186
7455
4796
-7249
1518
1002
6890
-7340
5982
8153
-2179
3365
3683
199
1623
7303
-8426
2809
6908
430
5618
-7441
2619
-1297
-8859
-5594
-9651
-6759
9750
-9266
6202
3735
2943
670
-8656
-2910
-5909
-9959
792
-961
6882
-7016
7230
-2516
-9586
58
-2064
-464
-1456
-8937
9510
-797
-2202
2445
-8073
-7835
-6353
-663
9246
2456
-9532
8213
-944
7238
-6605
-1934
-5596
7286
5340
-6317
-8537
2677
-6020
-1827
-4414
2914
-3246
6415
-8108
-8071
-4563
3700
-7793
-6522
3870
-4512
-8023
5098
2525
-5508
4597
-2108
616
-588
-2944
-551
-223
-8379
-54
4727
-7312
-1490
-1596
3952
-6508
4766
-6075
7468
-5392
-8050
-9031
-8065
1943
-5829
1451
3513
5975
-4115
1009
-4800
-1834
-2657
5031
-7555
-9488
3878
1401
-6142
7369
-3467
-5634
-5257
-6916
-3652
8733
136
-8662
7951
-8974
-6207
-767
-7047
-7184
2993
-9120
-5301
-5574
436
-9417
8613
-289
-2592
8783
2760
-4957
-9580
-6564
9586
2135
-7080
5302
-9572
-1373
-3915
6351
8532
-8996
8349
-9370
-7474
-9557
1674
-5453
-878
7162
2087
-4913
527
-5061
-6885
2862
-6845
3171
-4878
-2067
-3389
4055
1821
264
6865
2595
-335
3644
-2778
6349
5168
9791
3408
-6048
5168
5834
8850
-314
-6933
-9987
-7252
-2050
9640
2852
222
-9727
-9560
-9254
5956
-9407
6604
2627
-742
2815
6708
5987
-8038
-8231
-9101
761
-4898
-9090
-738
5329
8363
253
-3563
-3768
2087
-8667
3217
-4298
-4456
-5165
1399
-3704
-4266
4403
-2435
-6570
6692
-3955
3749
-8960
8733
8515
1478
2099
8276
5328
9731
-1968
-519
366
-8839
-4027
6112
-4520
2237
-8205
2913
4077
-1995
628
-9675
-1181
-8182
4531
7892
-8405
3849
9898
-5714
7246
-9763
193
6518
-8230
9505
-5368
-4154
3114
-540
-4634
2814
3360
4341
3752
-6578
-5930
-9521
1481
-3585
-2186
-2136
-1665
-310
-6191
-3983
-5224
-8925
-5948
-9942
7889
7644
-4168
-7776
8124
7678
-9321
7796
3753
1716
3627
-5387
-1676
-6446
-4110
3799
4775
-6977
-5101
-6650
-7463
-7013
7456
8556
763
5003
478
181
-1985
8448
8751
7901
9963
-8080
9234
3001
-3515
-1485
-4489
-4030
-9535
4789
-8359
7553
-1550
-206
-5476
9907
7531
8048
8173
-7315
-8227
-7355
-944
-4055
-3414
-7479
7033
-5685
-80
5775
3959
6454
-9772
1449
-7292
-7918
9089
-8477
8298
-7701
8170
7341
-4145
-2815
-4436
3879
3012
-8781
-4752
1833
4426
-3287
-5002
-866
-269
-6083
-7006
-3567
-1720
5090
-8963
-6259
6096
-7996
-756
-3723
-6555
-2985
-3526
3555
-4751
7082
-1529
-7052
-6016
6337
1252
6806
4078
4913
-887
9551
-7073
8259
-4817
-5016
3132
8918
-1115
-6619
-591
4764
-8883
-4576
9700
4269
4420
-238
5774
8244
2956
6784
8230
9632
864
5559
7593
9619
2242
-3715
-9308
-8638
-4990
-7208
-1896
-6347
8519
-1387
-2852
-1577
-7219
9137
4542
7430
-6565
-8694
9584
8561
6572
9983
-6975
-6456
5267
-8341
-8393
2168
-6985
2424
-3076
7016
9205
7387
3900
224
5810
-6598
-2953
9554
4970
8194
6086
6596
-744
9148
4588
-2496
-9384
5279
-3272
7669
-7677
3887
1716
6924
-6825
-5230
-4438
-3981
9547
-7772
-5172
-5881
-1383
-3283
-610
-5529
-4484
-4812
6661
9069
-1365
3257
-2467
5773
1061
872
-1748
-9074
-9513
5526
8822
-1324
-838
104
-7716
5709
-1938
6020
-8490
1112
-3163
-1824
4399
-2979
7595
1410
-9072
6609
-1666
-3174
-5291
3819
7904
-258
-4067
8441
-3659
6603
6976
6697
-9751
-9468
-310
6096
8715
5529
-873
-829
-8775
-1716
1432
-989
9428
4228
2585
3299
327
-7355
-3018
4448
-8303
-4600
7198
-5659
6873
9685
6129
-5753
-727
-7195
5231
-4593
6671
2271
-4492
-7656
1254
-8375
-1305
6551
-2597
-5375
-5901
-7426
-8851
-9319
-8328
6133
-9745
6244
-5118
-5892
-7759
-3899
2784
5485
-8250
5985
-4162
-1004
-3086
-5674
5814
810
-3473
4622
-5829
-3259
-9315
-1977
-5883
-6804
4659
-9907
6746
-1756
8109
9236
8654
-8914
-2529
7387
-693
8431
5898
-8301
72
8816
6094
-5972
8807
975
3068
-5856
-9071
-1254
-9239
8879
5532
-9452
-397
3962
-2235
-3643
-150
5690
-6016
-1393
-1898
7756
7703
-2238
-8937
-5031
-2083
-3052
6644
-2289
-3962
4699
-305
5066
-5283
-6127
8169
8571
-2305
2040
-5935
3938
9332
3705
-281
-201
-7470
9983
-1639
2354
1449
-567
-88
8597
-5951
-2035
5428
-6209
-7547
-1873
8603
-8007
-7927
7716
-6266
-957
3274
-9833
-968
-6273
3074
-1832
-6779
4686
5248
-1971
-5850
-8608
-5337
6697
-75
9308
-1891
-3619
-9052
-7342
3996
-5241
2963
4851
-5336
9886
8803
703
-4492
-4927
1588
5472
5240
1242
6405
7644
505
7355
-3320
-1637
8668
5539
4983
3393
4755
234
3308
9672
-3950
9204
-4374
-4551
8024
-542
1663
1498
8857
5961
-1432
-8064
5909
7276
-9664
8184
6298
7052
476
216
1068
8376
-8130
-2164
4555
9284
-9932
-6414
-1662
6605
8113
5007
630
-7536
-3687
2009
7129
-5199
830
7839
7205
7139
-4096
-3156
-5064
-8313
4113
-9988
1201
-6390
-7745
-2363
-8949
-9306
-150
8196
7179
2025
4316
692
-2170
1698
6929
-4149
2843
637
-4491
-6473
-1706
-1008
6059
6281
7759
4827
-3615
-8470
3446
8654
8908
-1422
7213
-640
533
-1484
-1642
4192
1954
-8845
3971
-2668
241
1970
-716
2302
5210
-8444
408
-1064
-2098
8647
536
1416
8680
2842
2498
-9970
-1859
4767
1977
-7548
-919
-8656
2421
-6798
-6119
4348
4497
-4953
8130
-3982
-8255
5772
8691
993
-3074
-6652
70
-2391
9089
-9467
-8793
-6275
7306
8254
-3269
8106
-9953
5473
-6410
-3701
-8695
4228
-2234
7166
-5664
287
2461
-4222
-8141
2561
7039
-1371
-314
-7951
2496
8595
-9627
5510
7240
-4940
-6852
-8882
-3192
-5064
5503
-9834
5558
9599
4068
4709
-2496
-448
-330
7972
-7644
7793
-1156
-732
-5414
-4613
-1334
975
6059
8257
6482
-2824
-1741
-8291
-1991
-6563
4354
6794
-8216
1228
-5731
5479
2106
-799
-9377
-3470
-5918
-8765
8487
-8374
-6076
-4116
-1363
4824
-7986
-2521
5521
-7996
9648
541
-619
-9873
-6204
-6860
-6541
6336
-2507
-5592
-7041
-5336
6049
-317
-569
-9333
-4413
-9200
1686
-2622
-82
292
8452
-5468
-1288
4858
-2633
4064
-2949
9204
-1507
4339
4697
-395
3631
-2952
-2086
-8199
2556
-839
4195
-2757
390
-7087
1831
-6037
-7734
-2018
-3422
-2477
-3398
1550
-8690
9792
9406
8187
-1638
-5864
-2381
6103
-5619
2098
3058
7950
-3952
1621
-6852
-3613
-1375
3510
-5092
4112
-1488
-5031
-7821
7592
4339
6665
9991
9392
871
8883
-9806
-1667
136
-1339
-1853
-7734
-1956
5135
-47
1321
428
7460
4570
2552
-7110
-1690
1698
3292
-4853
-7521
6532
-5583
-228
74
-7506
-9069
-3580
-4235
1923
2762
2254
-5119
8049
-3195
-3380
3865
8459
-9111
6807
4380
-8003
3214
122
-9188
-4834
-9980
-6451
2143
2679
8242
-2366
6627
