6000
597
2870
3435
955
2700
4591
4238
456
417
2310
1314
3775
421
4523
4181
1845
4986
2392
4746
3090
3327
299
2087
1180
834
3517
3130
2725
2985
2248
3315
478
3432
4508
1739
587
4663
2139
4479
4930
4414
2658
1161
4044
1870
2722
2140
4822
3631
4061
4145
3155
2257
4539
232
4492
1268
145
1682
744
2536
565
489
3115
526
3631
2735
656
3945
1630
3543
2489
3995
1347
2190
3652
2847
902
892
3385
4097
3788
792
4998
634
1947
2047
3384
2829
4349
4670
126
1513
3097
2999
890
1002
1476
4913
2202
4938
3561
715
2147
2999
4288
1150
3783
1050
4684
3843
4730
1112
3137
268
2144
4239
959
2865
4965
4685
2616
3521
4299
4366
4463
1994
118
1904
323
2688
687
4042
3739
2175
4634
302
3436
4274
2168
1006
3642
1847
295
3964
4901
1302
2190
3330
1450
2263
4823
1874
1413
1843
2606
2971
1804
427
994
3556
382
1065
785
772
4206
3564
1689
4227
2323
2321
1616
3895
3648
2459
2610
155
2524
1691
1079
2746
1920
1004
344
846
2831
841
3472
1977
449
1923
2974
4361
2304
723
1128
2813
4622
894
1853
565
840
612
3901
743
2055
2015
2771
4126
3877
2624
2992
1668
2605
4596
512
1514
4021
2449
3694
766
571
3779
2084
3485
1154
178
327
4161
143
2368
1353
3184
1065
4802
1571
1458
2763
1764
101
3118
2770
4022
403
2267
1925
3286
2517
402
1637
3921
4954
192
4017
1407
2491
4097
3676
904
3920
4619
453
1640
3224
3443
1020
532
1529
1240
238
4446
319
1421
635
2582
2770
4328
529
1794
4953
4263
4115
320
4018
792
2330
4467
1549
4097
3266
416
3929
3603
3893
4295
4336
2932
3042
2108
2054
4513
1843
1933
2220
711
2371
4941
3367
4682
1918
165
4247
4416
175
4377
3097
1613
123
1804
127
2761
3126
2581
1556
1019
2940
3125
4899
4052
3751
1458
4358
1639
4213
1910
2462
1764
1845
1837
4470
4987
1339
4587
299
4641
2197
2337
866
2400
4669
1131
2611
2738
1790
2976
4216
2984
647
2423
3369
4439
2259
1369
3143
3383
3755
1842
2892
1871
2400
2694
3738
4533
220
4543
4938
3733
2519
4905
2444
1798
3321
2811
768
3407
640
2782
2661
3646
936
4388
1327
3473
3954
324
940
3134
3598
3089
579
2119
3086
4096
3850
849
4485
4440
2633
2112
2253
250
2739
4533
3905
1748
3444
3574
1735
3581
3402
2966
1290
1793
2591
226
903
1127
1206
2530
3454
3348
409
1071
4962
432
4856
2928
4318
1474
2777
2643
3635
1225
2000
3099
3948
4136
1849
3363
353
812
4422
4571
1114
4654
4385
439
1508
1701
2448
2672
1201
1565
3616
259
941
4333
1076
4672
1152
774
2249
2800
779
441
4325
3702
4871
2296
1129
1921
1701
3988
254
86
4702
4804
1923
1740
1077
626
4766
3540
2768
4699
3012
2409
445
4816
1181
2485
3362
4657
3240
3426
4926
1537
3816
4224
572
3181
4496
433
2519
4670
787
3278
1373
720
3823
954
1239
464
1833
2545
739
617
2608
2169
4588
349
777
1870
1526
311
603
1010
540
95
529
3958
3013
4679
1909
3599
3578
2161
1136
2789
2220
1794
1567
2830
4568
1523
3650
3608
1279
4415
4526
428
1668
4537
3411
3378
2038
1444
794
1688
3768
2566
4699
3674
4899
3679
3066
1120
2599
1818
2588
3310
586
1748
611
3151
1779
1834
1962
3321
3858
1419
702
4824
4488
3305
4636
4587
253
1309
2367
1894
3195
3183
3871
2490
2896
4441
2386
297
3658
2856
1276
4287
915
4323
4293
2378
182
4955
4034
3016
1949
4383
1353
839
3155
2149
3973
828
417
405
859
213
1967
2283
4404
3230
1697
3924
1759
3600
2516
3098
320
1219
4408
3348
4661
776
528
1623
2152
4952
889
4497
1226
801
1900
3752
2781
1636
2410
673
4420
1910
4188
1452
4887
308
2418
4742
2205
1727
297
3948
4510
639
4289
1682
3741
2995
674
3872
132
4950
1506
675
4734
4404
3778
728
2552
415
3228
3373
3284
1785
1527
4346
3327
3356
3883
2787
3772
4667
2048
2789
469
2829
1363
92
1348
2954
4559
4450
1395
847
4607
4657
1521
881
2378
4431
2548
1978
2131
3832
4512
3509
3609
3642
3694
704
2907
4719
1335
4480
259
2276
3872
4083
4991
4315
4601
1526
1176
2021
463
1582
3094
1545
1715
3021
297
3733
617
1079
3990
1843
424
1572
1885
4273
3173
4950
3959
2833
2039
873
1055
649
4726
1849
2674
3777
1230
1821
3021
1809
3731
798
3865
4510
1144
1743
1953
3518
4100
4003
2845
4377
2020
3893
3541
2462
3692
2677
602
4274
3576
776
3618
4291
1472
1617
2870
1270
1152
88
3574
2694
1186
3169
2661
1123
3504
670
1673
2454
216
2266
1478
3395
4780
3694
3328
1131
4304
2178
3867
4184
2111
86
2402
837
1815
1448
1090
4156
4592
4363
1218
537
2098
1315
3497
3238
1462
3875
2627
1591
55
1152
4874
1555
3891
4026
3774
640
1169
1195
3591
2450
2057
609
3376
2425
2237
3994
3343
185
2141
4080
2214
3432
4482
4156
2816
4942
2367
3204
1757
1690
2861
4684
126
685
4847
201
3278
684
1909
1531
4265
328
1035
2068
1279
2859
4291
267
3000
1681
3102
4046
658
4939
507
3633
4756
4819
4767
3475
2881
730
4428
1486
4365
389
3633
2502
2214
4621
4696
1323
1885
3361
1102
4084
699
3603
110
438
3522
190
552
3089
2767
3526
2714
4448
2788
3075
296
2238
2334
1240
4910
211
2571
726
3941
508
2373
1215
3949
643
4728
2100
4972
3839
4201
2407
1522
1417
1044
3146
3753
1030
4017
471
4433
2462
2807
3622
307
204
4767
1820
3586
409
2421
3719
2904
4074
2077
2072
2466
1754
2306
1794
2616
3506
1209
3711
1051
4174
3511
3925
2592
2361
3043
3068
2713
2378
2211
1594
1670
1218
2829
831
1005
1725
2638
998
4450
534
1238
561
552
4458
1986
1451
4588
2524
839
4867
3397
2397
1732
2930
2088
4120
4492
2412
4342
667
4393
2927
3301
4485
1673
1484
1246
2951
2922
3264
3673
832
4297
332
2460
1312
3297
1613
4313
2444
1852
2781
2809
4581
728
2526
3318
2595
767
3720
109
598
1715
52
1588
968
2481
3929
2799
1050
3554
1012
2964
2963
4525
1897
728
837
505
883
4291
1093
2847
3780
1211
2246
1209
3898
3161
2040
1522
2871
4586
117
758
275
2784
3896
4024
4122
2225
4973
1228
540
1464
1697
516
4851
1160
3105
2139
540
486
2479
2499
930
1557
4470
106
3188
4627
850
4142
4180
4385
3505
1266
4418
2076
3829
2404
1736
986
459
2307
548
1326
3566
3064
679
3259
4895
1702
1873
2532
3091
3286
3240
3255
1998
1098
4899
2738
350
1229
705
4510
1424
334
2850
2803
413
489
3572
270
3670
1955
2454
4919
3882
2901
2462
690
3873
4002
4900
3213
867
3096
1770
4372
1111
1056
201
921
1418
4566
2634
4653
202
4491
1134
4716
2707
1559
3915
4088
3419
1292
680
2436
3657
268
2012
3870
4212
2806
616
2514
186
2599
954
4680
3188
586
2133
2703
1430
4557
1765
477
1425
3588
4861
4142
1386
2664
3587
4499
240
3478
1479
1523
2824
3265
4428
3407
459
4095
3224
3014
1714
880
1515
1261
1632
2164
651
3744
844
848
3378
1508
2570
720
901
3564
1310
1184
2899
3842
1078
2339
3569
3946
1268
3964
1337
343
4183
1221
1883
1269
4394
1128
735
3008
752
2480
4143
1417
3122
2342
1976
1696
2513
3856
4113
3810
3966
2792
1192
3835
1066
2569
1319
2220
678
2784
2274
447
1718
4913
1869
1038
914
1445
962
1525
315
1492
4085
4558
3843
3451
4337
1063
1974
3978
2201
407
1650
2216
3098
809
3208
3955
2052
4661
1292
1695
2774
1989
1143
4977
1392
4647
2541
4119
4268
2600
2920
3406
3640
3502
4157
2446
2723
660
782
4938
3998
2406
1097
667
1928
2579
1362
2705
3155
4274
4136
280
3888
2057
4699
3555
1921
4925
3179
145
1698
970
3423
4922
1581
680
320
4249
3268
968
1708
1706
974
4532
3252
1445
1982
3971
359
4528
4313
1607
2268
2711
4183
4988
4877
2825
1184
4481
3149
670
2521
4564
4538
595
3764
4203
2197
184
4155
4131
4093
3109
3649
4008
530
4681
4042
2423
3774
3996
3263
3036
622
1960
2063
2916
1493
2581
4495
220
4018
2165
338
1301
2042
2184
94
2869
1444
206
920
3261
2916
3877
689
4146
1745
642
3511
4558
4773
4906
4231
3884
2128
3837
4201
2109
2506
2810
2389
2656
3569
802
4461
2263
2966
2640
717
4131
3973
557
3725
1884
3294
2867
4349
3522
4917
1116
1542
1956
2938
762
940
3062
2694
4072
4348
1788
155
3428
3495
1877
208
1431
4190
2999
2802
2020
2040
652
3600
1888
4458
4104
3229
3845
110
2900
3859
2486
4679
318
1466
4883
4041
2140
1705
186
399
4061
2158
1109
1116
968
1777
2758
3417
2398
3583
1181
434
4896
2680
3905
3449
3047
3663
553
4889
1300
4470
4742
4456
2075
3483
622
3539
4386
637
3534
4203
2265
3745
3802
528
4716
967
2741
1955
1551
4925
3965
2406
2569
3667
1503
786
2066
955
761
3141
4565
2518
1059
1002
1721
368
1718
1648
474
3362
464
3346
3856
757
1770
4431
2364
4417
310
1340
1414
4867
2474
4139
2329
4875
4869
2506
4078
752
762
2942
736
1792
4178
4635
2756
2164
4117
316
3857
815
789
1389
2597
162
4755
203
1717
2887
2728
210
1553
291
1096
2445
4294
2329
1447
2421
285
1867
2280
3963
4805
3386
2682
846
3339
2822
3748
3310
3805
4555
1620
657
3837
4479
4877
4504
3206
4223
665
1326
2005
4016
4929
1160
4907
4652
1985
1483
3696
2526
3662
4188
943
3806
905
3956
812
1570
422
1810
2607
4799
2857
832
4499
4786
3069
2915
2891
1227
4681
1047
2544
262
3027
1940
2390
319
1799
3233
610
1361
1764
2771
4352
1476
1739
1987
4194
1281
4984
818
1410
4798
2522
4738
3840
4193
2949
4891
2902
1792
4684
1760
1423
4630
193
3798
1891
4186
2764
4251
1801
77
2039
4986
943
1138
4368
4054
68
1688
715
3296
3158
1482
3925
4745
821
2038
1310
1069
1302
4052
4619
1038
3582
4258
335
671
4250
964
3544
979
2037
1444
929
4600
4504
3971
827
124
2041
3202
811
2924
3972
3561
2469
1681
509
3501
3720
4016
3156
4822
2116
1656
2012
3329
3609
776
2731
1596
2706
1400
3823
594
3517
3453
855
1662
357
267
1718
4234
1922
950
286
3570
2049
3315
759
3586
3722
272
3919
3654
2624
3479
1478
2014
856
3197
4097
3230
1507
1580
671
652
1406
3389
4604
3036
3435
4583
4440
510
3065
865
4307
1067
2990
4402
992
524
1883
1742
3315
2279
334
89
1613
3628
2659
588
3249
2894
2920
3895
3330
1589
4639
3323
2738
2091
2403
2314
2523
2318
3697
958
2675
1743
3297
120
3398
4136
699
2842
2748
4417
951
3571
4221
1322
930
296
4941
4747
2536
1793
796
3836
1324
1688
1346
2451
836
2569
3247
440
1420
1638
1834
2734
4112
655
3850
2354
1101
4899
1352
3571
4478
2603
3237
925
4966
1638
3205
4625
3970
271
3326
4659
987
4219
1736
2213
3137
3359
2154
3143
1275
645
3742
2408
3516
1375
1277
4748
3369
4891
3041
595
1244
2163
3436
1248
3161
709
3515
950
2093
4264
2242
118
2035
1694
2109
3598
1637
2281
4757
3075
4807
3953
3167
2824
2835
2689
228
3216
4970
2834
2039
4503
679
4089
4570
329
821
2591
3689
1433
3998
4019
4269
1693
1070
4765
3093
4616
1730
1173
3183
1926
1468
4006
4403
3911
3975
4680
1792
1805
2348
2940
1135
3389
485
1858
4030
4881
3688
2216
3007
4874
3223
958
4517
4599
1283
2531
1004
1562
309
3249
610
2291
2429
864
1112
2098
4904
4187
2706
3270
4173
3992
3626
4692
1271
1178
2632
3085
2469
4990
2043
4760
3464
917
1621
4440
1198
2538
2389
894
2168
4396
1388
4088
3121
2723
3528
767
2791
3324
3777
3230
2681
3029
2115
643
4752
2432
1782
2402
2912
245
2248
4695
554
3105
572
290
1025
1959
1367
1976
3306
1431
1749
471
2271
459
1824
3703
1160
2247
3540
2823
60
315
1946
2495
3660
2655
3570
2478
766
3390
4733
1444
1231
4078
4760
3585
3396
879
1171
3191
4837
3959
3327
2500
341
3959
4342
536
2524
2283
3198
2224
2926
1730
4045
3040
2481
605
254
2265
1505
2033
4102
430
547
116
1047
4628
553
3651
2396
4494
2008
243
2274
3954
2126
231
3217
1116
3300
4148
2400
1193
5000
2522
1403
551
753
4417
241
2062
4171
3804
761
1208
1352
3799
4517
242
3021
2834
3813
3419
585
3168
356
1652
3326
3091
2796
3936
943
4459
3265
3133
829
2519
3167
3226
2365
2427
4998
4045
551
645
1196
1626
1126
3413
54
271
1560
1283
3023
135
1857
2638
4675
3069
4878
568
4867
1907
4841
2880
1069
4573
3625
2661
4570
996
1393
2752
4027
4876
291
1173
2111
482
3895
3057
2687
1878
1468
1591
1142
3861
3342
2996
2876
1791
2707
3627
2351
2765
2798
2098
2221
4370
54
1761
1543
698
4535
3099
1330
1123
910
1347
1661
3070
3539
4216
1129
781
936
630
3479
4628
3649
4961
1003
1377
4584
109
3897
2676
1962
1452
4402
949
3087
3001
3326
1124
2492
2573
2436
1018
2052
574
1545
1213
991
1882
2994
4888
4525
2622
4203
1860
4137
323
3302
1753
2984
4827
2752
1287
537
4989
3256
3986
2963
4707
2502
4600
3874
2445
4897
1815
696
3790
2094
1999
3626
53
4233
1642
3452
3506
839
4324
60
3795
3416
3054
2638
1227
4838
63
2926
4948
1014
2060
2517
3438
3023
935
2186
1246
3839
67
191
2853
1476
221
2596
2247
3696
134
4038
1651
3045
2273
3616
4533
2782
1328
3065
4710
1148
2448
4315
1960
4154
1428
614
1157
2664
2654
4247
2250
1380
579
3028
4925
3607
2054
4075
855
4366
233
1727
989
4861
2825
1382
2007
4655
1724
132
4975
338
4297
3619
3907
1451
1960
2883
1357
1166
2454
3169
1380
1369
3536
4574
4080
147
4499
246
3018
1491
1644
1831
4308
2055
1338
905
4541
750
1032
2633
1888
1233
3553
4665
3282
3450
2952
174
3320
2892
584
2944
2847
227
4412
276
813
1686
1001
2314
2227
4830
1268
3574
4003
4123
2315
2911
4237
3626
3863
3070
1482
2019
192
4945
199
2045
2463
4662
2147
2523
1407
4080
169
4497
2002
4848
4182
3983
3010
4457
2130
2289
3505
4648
357
455
1586
1305
735
1324
1501
1720
925
407
2433
209
2154
2346
794
2443
1504
3292
2967
3728
1370
3050
3956
87
4642
765
3300
1000
1087
2853
1861
2459
4124
3427
338
3046
832
4717
2970
1464
350
2897
4358
4310
4776
1827
139
1866
1154
2148
1460
562
4742
4873
1444
1282
3344
4561
2188
4872
2975
857
4209
714
623
2655
4990
615
1186
2675
203
3522
2498
4213
524
1981
4965
1443
4303
4225
123
3297
4224
2881
2141
2933
2853
4572
4933
3011
2220
1147
465
1660
4503
4420
4881
593
2534
3019
742
4906
1100
3324
1774
3555
3287
2512
3745
4213
90
4558
955
1496
3607
3595
2840
2135
2375
4444
713
4415
787
1506
3842
1888
1235
3044
3109
587
1870
1301
4255
4199
3716
2885
1905
224
1297
4883
1927
1840
4106
4496
4930
1990
64
4210
831
1147
4855
3718
2620
2177
3844
4778
2803
242
1093
2364
1129
2859
1258
266
960
4522
2784
2082
3237
3396
361
2962
2707
2759
1995
4910
1911
3586
2802
161
4550
1919
2933
2783
4187
4319
622
244
861
1271
4991
1035
348
3220
2744
1970
1477
4857
530
1030
88
2311
2024
3562
4882
4403
4786
3107
473
264
4344
4678
3625
3646
781
3372
133
3354
2628
3929
1682
3999
356
559
1294
2945
927
4259
524
2001
635
2750
1654
4039
1492
2353
197
4347
3032
2868
4941
1407
1328
3217
4098
4947
700
4205
1056
1357
2179
234
3452
2339
2636
4534
974
3343
2406
2297
3865
1746
427
4028
1279
3242
3889
559
496
2375
665
1608
3917
572
4820
2572
2330
4840
1778
3784
4001
1290
2558
1848
2996
1790
3101
3257
1647
2289
4336
1041
2618
4024
369
4930
2940
3079
2094
1902
4143
4052
1827
3645
2240
2992
3568
995
4915
3471
2635
4521
3397
4753
328
2503
4339
3972
4536
930
2583
4599
140
2549
2697
2227
2183
2576
4688
2781
107
1872
575
1438
4379
2996
3642
3581
4518
1764
1374
2026
3907
3047
1137
1791
2268
4762
1611
1053
989
79
1117
918
4461
2608
3992
1492
1779
2360
835
2164
3221
936
4003
2038
3944
2184
776
2315
79
2877
3422
3693
128
4348
327
4310
2513
3604
2965
1596
4326
1700
2615
4737
3838
1269
4859
4039
4683
1153
2418
4210
2729
3504
293
2096
120
4187
2178
3566
931
2895
4348
1496
3038
558
3996
4183
1063
694
221
2555
4291
910
971
4145
2461
4188
2583
2624
3683
4740
3445
890
1857
4882
267
3642
3010
147
1599
1803
3482
4929
4661
3830
2212
1954
2262
3489
2250
4413
718
2928
3668
4000
3835
1819
2553
3259
1525
919
419
906
1982
4700
1584
2826
1613
249
3652
3463
1495
2667
3452
220
4033
4392
2103
4416
574
1943
367
2364
2994
4298
1599
4432
2458
4671
3534
4868
3331
4628
125
4338
3571
1413
4267
3032
1023
1103
3660
2952
2880
1569
4702
4833
3711
1426
1551
131
1861
3321
3631
2343
4727
2557
4133
611
1893
4775
718
3799
4250
4495
4379
4356
3220
2962
232
2843
582
3159
3273
1953
2642
3907
2002
2523
817
3199
1096
1189
2885
1780
4800
1104
2664
4548
4897
1164
3865
4438
383
4412
4989
4657
2020
4931
4098
4188
1105
3197
4802
476
984
2908
93
2138
4180
1478
3949
493
766
3806
1767
4268
1399
2983
4282
3547
4565
4353
2374
3440
2811
2716
1542
299
875
3274
3963
2017
3646
2529
4252
4958
1372
3252
4835
2718
4642
4713
697
3800
1656
4271
553
4466
2639
4718
3587
1761
1711
129
2960
1269
914
927
303
4601
3728
4523
987
3552
555
324
4765
4257
3290
1012
4461
4243
182
1546
2493
1687
873
3045
1880
4895
3965
3826
511
567
358
103
1651
3687
2094
3925
620
4269
702
3466
1775
1803
3656
1017
1869
4971
1296
3921
1031
326
4618
4734
1772
2580
652
2794
2343
1300
1265
1162
4242
2158
2293
2473
1943
3726
4473
2914
607
536
3501
1439
4605
341
4834
4580
2618
3938
105
3635
3506
2061
2836
4506
2715
4921
4916
1584
4282
1041
3270
3711
3502
3327
526
4297
1622
901
1174
357
947
2136
2338
4980
4309
2208
2182
2102
2820
2377
3392
3143
2244
1286
3406
240
2684
303
1734
1068
223
3544
4629
4469
2120
1988
130
4437
1277
1234
2442
4835
389
4669
3956
2413
2230
4309
2139
396
4454
4035
4807
3673
4666
4849
4061
2173
1285
600
3231
1270
73
4885
1886
3419
2013
3435
3745
2787
1146
723
4330
3192
2995
367
894
1401
4849
792
4237
3605
4297
2507
2931
3965
1447
2540
1634
4331
4195
4705
2409
530
2637
2071
3233
4809
2142
4512
106
1533
1718
1261
2752
1704
592
1495
3544
2498
2592
2467
296
2675
125
3549
3330
1227
1450
4769
4043
3212
3133
117
1721
4630
1040
1161
4480
3817
4200
2077
2127
2684
2597
3403
439
4599
4475
676
3314
2808
3071
2729
3115
611
518
1594
978
202
1132
293
3226
3232
423
4747
188
644
1799
4189
2186
965
4382
1199
634
3233
1933
3099
2092
1337
3604
3683
3536
1708
1677
2328
287
2216
4505
1113
3745
4986
3198
3427
2964
1116
3753
4648
1702
4646
3053
2887
3132
1949
3445
3951
3802
2514
2121
1925
4287
1660
4028
3463
1786
545
2950
2856
4263
3933
1480
3027
1337
4737
476
3563
2931
2032
137
4377
4083
2132
3270
4431
3930
2805
1593
2833
3566
2907
3081
2882
4218
3713
4147
1990
2968
385
3618
3594
2134
3666
1076
1332
1211
151
3009
972
3087
3217
3618
3704
1233
801
4121
2077
3022
1232
2702
173
1092
1773
4017
3649
4823
2637
2736
249
2218
3131
1993
1541
4058
3462
4584
622
1561
3618
1587
3915
2708
4320
1891
3266
1093
3987
2874
3319
4532
4563
3451
2705
3030
723
2042
4179
2459
4386
1018
1424
964
1390
1044
4152
4249
778
4462
1373
3767
4321
1568
1634
3027
4901
204
3353
4902
71
2033
3783
1127
2670
4535
2275
821
2589
4344
2776
1685
918
1915
835
4250
4917
1655
702
412
276
2014
3935
3865
2136
1831
3397
4397
3420
762
2991
3397
2242
428
2262
3569
4636
2557
3763
1336
3590
4008
3458
1068
4106
4426
2619
2776
3769
3948
2261
4178
789
3475
4628
4843
4652
1664
2002
241
1973
2548
3648
1779
722
1569
4270
2122
4246
2705
1926
3791
1568
4519
247
2557
3333
3922
2654
3726
3804
2451
2605
527
1747
3549
3944
4044
3529
82
4014
4143
462
1583
4072
278
3567
1023
462
4926
2788
4642
583
2791
2615
3860
1429
1242
4400
700
1845
3971
2159
131
2161
1057
3528
737
166
4938
4884
663
4903
3925
1432
2990
1638
4648
2015
244
3887
4200
916
1551
1084
4431
3119
1546
1332
2603
4396
368
2122
2382
584
2920
2747
4693
2207
4747
1121
1150
3893
4164
3310
1105
2813
3804
365
1907
3176
1167
3715
4726
3891
1243
4643
1118
4828
4651
2255
1132
935
1922
3529
548
2573
477
4353
2735
2583
1328
4812
852
1913
2928
1413
2369
3659
4566
2412
3424
4791
1783
4465
235
191
3575
581
4117
2165
4285
3416
4978
3429
4331
3641
3116
1788
4960
4047
1390
1830
4598
3133
3320
3662
3894
3240
4020
1168
4780
1197
3989
4404
3029
1971
2913
2445
1414
3397
4755
2100
2312
1010
2934
4186
901
1271
3593
4962
1645
4198
472
2293
1317
3132
2588
3251
3758
3123
1243
802
214
1236
1946
4247
2049
781
1198
2607
3004
2162
2717
3924
2545
4371
782
3120
2267
1826
1859
4348
2116
248
2078
99
122
116
3337
2297
4289
2690
1665
1081
424
3356
2502
973
400
4857
1792
2669
2505
3765
1503
1239
617
3143
4684
2346
2064
134
2326
2145
4730
1939
4445
447
84
3720
3105
2465
3517
1386
3746
3717
2627
2761
4470
3730
4872
1830
2642
2820
4343
3717
1454
1465
914
3942
4475
2994
2908
4995
3194
4769
2227
2811
4851
4989
652
2863
1444
3034
85
2152
1232
3430
4431
3578
3016
1978
646
4439
4431
3278
158
2169
4286
321
1801
75
4485
4085
1260
2855
4381
1116
140
1186
263
1123
631
1934
2197
2112
3762
3487
4784
3732
4369
4749
3382
2672
2937
1842
2412
1700
1273
1302
3355
2571
2576
1312
2083
3176
3232
599
2471
2775
4121
4488
2534
4702
1378
1913
2041
2482
3883
1987
1313
3173
348
2356
4753
4168
4908
872
896
1507
2977
4259
1828
3095
4180
3326
2390
2765
953
1846
868
898
2280
4576
3225
2846
2614
3196
3851
1111
4026
1116
2039
3600
1925
3843
3376
502
1894
2703
1568
4736
3238
105
3122
834
4567
1900
2537
870
382
3390
1679
284
2036
3386
3534
3854
3900
2521
116
1998
2941
4641
365
1292
1185
4198
797
638
4320
1549
3609
1830
2961
1898
2611
513
3804
4924
4661
268
377
748
3992
2439
3917
2255
111
3883
1022
4072
310
4249
4372
4208
4522
3520
2459
4945
3856
552
3695
601
962
162
487
3136
3903
4475
634
4117
2078
1135
1477
4460
1111
392
3918
1044
3492
1409
3336
1655
2322
2198
98
1563
3905
2043
2335
1205
4912
3101
2285
3422
629
2596
1043
2588
2404
3967
1248
4093
771
1979
2762
1379
4568
2566
4141
516
265
2776
3736
3510
2403
4993
1453
3605
1524
652
2511
3265
3463
4564
2980
3130
3448
3473
1141
714
2029
293
2291
58
4439
2239
2565
4419
4082
3545
3407
358
3614
782
3228
3752
3236
603
2404
1467
2256
2024
2782
4612
4237
1585
480
4229
1554
2842
1602
560
4484
4866
2396
341
1401
2329
342
4371
3323
4369
1145
4595
1815
197
3980
4193
3759
3356
1185
4444
3107
2374
785
2469
1467
1192
3332
2906
2210
4666
4593
265
1610
622
3525
4479
3025
3729
2701
4035
2903
4201
813
191
2720
317
4935
2730
2056
2418
2843
4357
554
3357
1131
294
4632
1703
4680
202
3088
2577
639
1850
1292
4402
3954
2663
142
437
433
1660
1597
454
70
2983
3923
1071
566
327
1088
412
1517
4449
499
3317
1942
2099
639
3468
3768
2557
4140
2750
989
2875
707
2835
405
4488
2458
4420
2889
4848
1199
3359
2679
1504
2117
1393
1965
1451
2943
3218
3617
1415
4571
3761
2450
333
3829
2799
4500
4042
4198
234
4484
861
2997
609
3050
4482
4431
4535
1205
2276
4259
2203
4368
4318
4967
1498
4799
4589
3058
1614
1058
4528
3625
4976
3327
1272
1692
4783
630
669
347
4909
1842
2559
2492
1332
1195
1871
3484
3714
2084
2366
3906
3364
3741
4780
927
256
4913
467
3380
705
3140
2849
3591
1853
1899
3837
2185
3557
3506
1843
3271
4196
1202
2639
819
2109
794
1352
1701
1505
1111
2598
4309
3621
1774
3423
2545
2380
327
4941
470
1812
627
373
2318
1252
111
1093
1169
4665
2895
1581
979
4924
3474
4446
4539
1710
3400
1450
2620
447
3851
160
4375
3149
3854
3879
576
3298
659
4038
2591
2345
1902
2722
4735
875
1081
2498
1689
649
1141
2869
2558
538
2745
1443
4911
4920
2039
812
651
3880
4109
1897
4194
2424
764
2669
4337
3750
4301
1066
4605
2025
4625
3188
4795
1064
409
1197
3696
3129
3941
1779
890
2339
4463
529
935
420
2068
3521
1771
3682
4792
282
3614
489
358
3429
1204
1909
4678
4360
4374
3159
3809
4544
2991
1932
2766
77
3737
2609
2314
4004
4923
2673
4099
4472
4380
998
2305
339
2782
3042
2296
1962
4757
4852
2791
4121
2250
409
4437
930
982
3107
3888
2603
3573
3615
1603
1685
2029
3867
4117
3881
3390
4608
1881
185
1014
3331
2423
441
4257
389
3063
426
2654
673
698
4788
4052
718
3093
2935
4335
4677
2622
1761
4946
3963
939
2328
1379
4752
4317
4282
4572
3049
4432
4519
4144
3659
1207
2909
3067
945
144
4748
2920
2457
4769
2147
3022
3455
3301
1242
3158
1190
4503
2534
893
3812
3912
1040
1301
4925
729
2702
2342
4652
1384
550
3417
3921
2167
4402
2955
1209
417
330
933
566
2759
2523
4171
966
4357
2382
4424
820
1660
3928
1825
2813
1310
4640
3009
3132
4315
2874
2057
4582
2403
4364
3816
3726
1715
1070
4359
3099
3388
3285
4151
488
1776
598
4336
4855
3654
3704
3112
1780
2534
4190
2676
260
4653
4358
651
4767
2405
2589
4638
650
430
3860
537
273
3185
170
843
3748
4643
4876
3404
930
1672
731
2075
2232
1411
2174
4329
717
476
315
1823
2706
3710
344
1059
1413
3611
1502
2132
4658
4234
2347
3952
3830
4682
3899
319
2024
375
4940
659
4084
1287
2359
939
4922
3626
3658
4471
2792
2622
1289
2137
4686
4068
4211
1244
2028
1909
256
581
1848
4835
651
4048
4543
1064
1355
1859
3272
3252
4192
2538
1441
1114
920
4381
4828
687
4251
4624
4400
1101
2575
2183
4110
1782
3639
4909
3186
1790
3245
324
3206
633
3880
2573
973
419
2369
1983
2249
1929
1024
1686
565
1963
1607
3564
3612
4127
4532
3701
3310
3823
2168
2859
1575
2302
3085
2024
1226
3417
1359
1909
280
2382
1057
2415
675
1117
3102
2126
3071
3924
2683
1723
114
2065
4781
3609
488
2289
186
1537
4811
1627
684
1239
3914
1484
477
3608
3602
1145
3187
4021
1589
4692
4399
4963
57
2044
4406
300
4317
2030
119
2919
804
408
1139
1253
4103
2790
2174
1726
4388
2961
2511
2024
4630
2414
2386
4526
757
2242
1831
952
2255
4335
1917
818
330
1533
3253
1551
4633
2109
1819
3035
4141
3619
3271
345
1698
4929
4425
1205
1170
248
1273
2679
405
4493
1446
2903
1471
2802
557
3401
618
1243
3710
3855
2480
4250
2401
4564
1120
2136
3776
4640
4869
832
3912
4893
4162
482
4979
1787
1769
3337
1259
3614
3887
505
2792
3513
4024
2455
885
2477
1662
3993
714
2601
4840
4737
2860
1020
2542
1671
3505
2805
4415
407
1120
4156
395
956
2021
2154
1524
1511
232
4307
1459
4524
699
2837
3404
1461
4967
1550
2407
83
3709
4504
2701
2421
1676
2715
4080
907
4435
1490
4388
1354
3460
3220
2927
625
2460
1045
3706
2411
4507
2055
1331
1076
2522
2108
3002
3759
733
4515
2119
1840
3172
3610
4100
1390
670
1904
1385
3178
2411
1453
1894
1157
1048
295
629
2199
4947
2794
4884
4021
2756
2686
1965
3372
876
4334
2120
2455
2954
1053
1214
3140
1712
1498
2451
4076
4414
1816
3364
4970
1353
1559
1045
3855
3495
2906
3730
529
1458
1578
3535
3426
4636
3665
4673
247
1561
1019
4292
3837
477
3934
4736
2284
3998
4089
3860
85
512
4978
3600
4094
3096
695
1429
371
3911
406
4460
2084
240
480
368
1644
2204
3542
3786
2596
2948
1453
3852
3787
160
1270
479
4873
4096
4122
4872
2816
2803
956
832
2054
4980
4840
3187
461
2690
1129
3848
1304
2105
142
3639
4755
1033
3472
1643
1337
4463
1550
3072
1879
4082
2048
3715
1360
2520
1543
202
2818
4760
3323
2679
475
742
2206
703
4596
4441
1858
4266
143
4666
2729
81
684
2142
1186
3823
4998
588
867
4096
4624
3064
2424
2647
127
1510
2267
3356
4837
4921
738
2520
2677
1020
1437
3516
3453
267
4757
816
4426
199
1767
3686
1693
2826
247
4965
2169
3783
4383
396
2090
1867
1469
3709
3826
1366
1257
4387
453
4792
2387
4006
597
593
2055
660
1252
3691
1072
4646
398
4628
4537
946
3511
4530
3579
86
3143
2179
3562
4069
4502
2404
2289
2850
1482
2171
1527
3422
1101
2787
3154
639
4245
66
1523
2281
2674
3096
2491
1490
1545
89
1519
947
265
97
349
956
227
3565
153
4894
1792
3665
2274
3764
2372
3778
1101
2205
3313
371
2760
3777
1051
1832
1318
4983
3976
1620
2870
908
3305
2224
1382
265
4282
3668
2927
3981
763
430
1077
3492
1980
297
2351
4818
1098
3430
2330
3679
1827
1053
971
4057
711
146
4977
4255
154
2817
2549
1538
3526
3217
4111
1863
4521
1404
1149
1963
4197
3939
1960
4160
1885
1059
4285
3088
2041
1432
3343
1401
3881
3094
2943
578
4151
4706
1749
4478
996
4554
702
3344
1685
3329
1653
1630
1089
4481
3529
3353
3897
1836
4759
2292
4431
959
2144
2057
4783
4864
355
2562
2133
2098
1314
2381
3007
644
4086
640
4358
4089
3379
4263
945
3671
4206
2490
4811
348
435
4952
4648
1311
4803
4476
1542
722
2409
472
2144
3668
1973
2961
3919
4796
4011
4085
4519
2505
3291
3416
661
2674
910
1085
776
2750
106
1186
125
3496
2204
2351
2590
4860
771
4764
2250
3310
3262
2351
1154
1781
3173
4781
4488
3002
2500
233
4746
1839
2037
3696
1279
3908
630
3150
3243
3620
1622
3347
1075
383
4305
3924
77
1452
2187
4970
159
50
2401
2375
1609
3732
51
4442
958
1011
155
4578
3521
3010
3674
3627
1721
2585
748
124
3564
266
1697
4386
1388
1318
3192
4395
4835
3814
3854
2743
2402
4738
964
2082
635
1281
2177
3005
3568
922
179
71
2193
3544
706
1855
1291
3458
4820
268
3976
4725
4234
156
3355
3518
2652
1787
1474
823
785
3950
3345
3298
3738
2879
4488
2846
4997
4654
4109
4068
3138
4715
4886
1432
1387
2401
1586
3163
3659
3275
181
4505
4867
1264
3747
2702
884
2977
4360
714
1866
4759
4331
2594
3443
3360
1425
3555
4527
2408
2760
250
2509
2601
4584
359
2452
1382
4083
3852
3615
3032
855
3714
2962
3394
4846
841
3381
4932
2251
2049
2533
2074
3636
497
630
4562
3741
4777
4093
807
3075
3637
3816
4323
2720
4877
3781
2533
2832
4666
2437
4218
1610
3261
3718
2042
2659
4365
1576
1936
3099
2015
3822
2536
1284
1932
2271
1461
2244
1902
4182
3744
470
947
2770
3958
444
186
1903
1159
88
427
142
323
1671
732
2133
2222
2857
156
4677
253
3533
3468
4018
2218
2753
3757
2632
4915
1172
1983
4691
3150
3241
234
1226
1513
3407
3594
3523
2831
2664
1181
1540
1737
1707
4183
1185
2506
4563
2576
4132
4553
167
4870
2023
3395
1560
1016
2837
3666
904
731
198
2465
4903
3923
220
3871
2550
4502
1330
1344
4853
4678
3843
3578
4513
2981
899
2905
4359
3665
2744
4487
321
626
2608
1570
4825
4327
4088
1927
426
2969
3901
3453
2776
1273
762
4112
3678
1074
2240
541
1247
163
1933
2390
708
1036
2334
2518
3682
3718
907
1534
1019
1975
1346
1834
4453
1890
3364
1632
3415
4173
356
1831
1392
2122
4960
3434
3906
2288
1780
665
404
698
4967
1484
2743
848
2701
2134
2439
3034
4853
329
4242
2222
2455
4109
510
2746
4843
866
3497
668
2993
129
177
1949
4666
3029
1112
368
165
3888
3130
1744
1950
645
2996
4744
3009
3809
696
4822
3853
2435
1452
385
4195
1564
3096
711
1104
2418
1266
4710
3521
4858
2214
4862
4380
3604
4823
3939
3992
1294
4248
184
4982
2456
3543
368
1961
2973
2961
2718
748
2926
1975
3587
1841
643
2848
1308
3667
4766
1843
377
2506
1329
3359
1375
3351
2199
63
4020
4721
4510
874
3947
3566
117
2047
4480
3855
4175
4560
906
2274
1389
4263
4633
4245
3956
557
3639
4160
4869
591
4329
4257
3955
4304
1065
2010
1703
309
1197
4280
2085
2580
893
4171
3301
4826
808
2161
864
3972
961
574
2803
3580
4577
2389
4735
2604
3486
3971
2910
498
1487
381
1052
3416
2069
4253
1037
121
750
1849
956
1821
1033
1834
2651
4850
824
3435
1699
164
1368
724
2032
1470
4810
2443
1970
2345
4964
1705
1149
3572
530
361
2660
1530
3806
1392
2745
1293
3661
390
4639
4587
3711
3865
2223
4226
1695
1597
3986
3005
3625
4717
3489
3780
3135
4339
779
1033
3967
928
2260
942
1060
1131
2456
2415
865
4130
638
893
1216
2263
2909
2341
106
3241
4539
3828
707
2852
3007
2680
3309
4346
4141
2653
3321
4148
165
1657
1815
1834
1972
728
1447
4261
4908
2576
4854
408
3492
4076
3471
1358
2803
2085
4019
3527
3527
357
4679
3361
4813
2350
3571
4090
1549
2411
4281
3223
4379
739
3314
3435
1407
3251
3079
2447
1555
1625
3810
4353
2325
3616
751
718
4274
778
3899
3270
4694
4913
2117
4592
2186
1738
2384
2421
2903
2039
1990
2432
392
4338
4685
1523
3712
434
2351
2128
772
2733
4121
