28;45;53
190;344;358
233;307;256
264;222;296
437;485;281
487;223;202
436;55;420
30;40;50
120;160;200
66;396;199
260;140;295
33;26;297
15;112;113
152;141;456
21;72;75
417;300;335
348;32;49
235;403;332
170;170;271
225;86;65
400;164;26
138;189;373
310;37;497
340;59;153
399;374;490
223;22;243
309;397;43
331;45;448
79;294;414
354;275;218
20;76;2
24;143;145
8;15;17
463;421;454
61;368;273
480;387;360
175;439;487
365;18;48
434;480;345
351;479;295
305;301;210
168;204;178
132;176;220
424;97;362
27;343;120
114;177;97
197;422;200
235;257;32
9;40;41
314;434;262
258;441;259
297;177;135
230;392;201
4;56;359
290;319;213
218;55;8
60;169;161
69;277;295
125;103;122
49;168;175
480;140;429
38;247;361
164;115;6
244;497;328
292;343;228
247;228;158
386;383;281
282;313;220
266;418;295
30;40;50
13;331;56
327;359;46
458;335;119
102;313;407
265;31;132
237;215;153
99;132;165
137;256;72
60;91;109
187;52;402
230;168;159
108;122;406
192;155;223
304;151;270
486;93;156
404;80;110
119;120;169
465;98;134
199;468;272
131;427;452
120;160;200
53;427;224
388;131;49
355;266;202
160;168;232
236;288;242
489;55;5
250;247;419
22;120;122
106;230;358
135;180;225
76;487;96
43;136;170
46;457;285
95;12;322
167;438;63
31;6;325
113;458;54
315;109;126
80;150;170
24;32;40
9;40;41
117;156;195
414;409;337
133;143;204
406;87;321
252;410;294
322;362;436
169;236;191
105;227;224
467;249;423
30;40;50
463;297;92
58;39;228
21;72;75
48;64;80
336;258;417
119;255;391
124;161;188
20;21;29
123;164;205
336;59;446
349;33;104
53;286;285
415;261;12
454;297;165
342;218;279
20;21;29
6;8;10
88;105;137
433;484;276
183;231;158
80;150;170
139;387;161
13;84;85
111;278;64
185;292;230
57;254;183
96;459;56
222;246;89
307;370;137
321;209;53
165;148;56
317;261;262
386;283;463
132;398;426
429;198;400
475;19;11
8;87;149
180;440;320
80;266;307
472;212;297
48;55;73
156;315;371
290;257;448
158;365;447
24;70;74
382;173;131
42;56;70
20;48;52
89;294;226
443;24;479
196;154;279
306;70;270
185;386;36
230;346;185
343;475;247
388;57;79
84;187;205
140;32;203
235;305;358
303;470;410
290;498;478
429;479;358
77;420;126
459;332;173
135;180;225
228;361;327
63;84;105
269;83;124
283;301;267
169;118;323
118;250;455
60;80;100
450;247;357
194;21;16
168;109;145
12;16;20
163;468;438
104;153;185
64;122;346
15;36;39
375;391;292
179;42;270
410;142;414
20;99;101
168;368;463
249;320;216
346;330;444
337;192;489
223;496;160
466;181;314
292;451;46
332;313;457
20;99;101
101;221;234
410;84;380
305;263;392
66;88;110
85;14;233
9;284;168
88;246;214
280;28;61
331;428;24
454;364;341
385;327;374
72;412;461
131;448;464
282;445;316
372;272;435
52;173;455
465;184;328
132;176;220
488;227;260
8;290;82
283;224;1
56;192;200
351;84;265
40;75;85
257;491;77
318;226;269
91;125;286
46;487;48
469;159;136
251;159;265
72;135;153
17;144;145
1;417;153
492;354;300
299;9;340
379;212;481
106;463;16
40;75;85
311;313;498
267;136;424
144;41;254
128;414;171
110;142;204
372;361;312
442;159;486
220;61;331
32;238;213
477;424;101
427;62;304
144;165;219
413;189;200
13;119;40
60;194;391
304;8;235
373;490;403
458;351;73
118;160;63
23;157;195
117;366;428
68;489;324
498;121;399
6;140;241
60;175;185
343;497;109
162;282;299
433;10;257
258;56;261
245;155;312
470;384;153
115;455;181
405;223;60
369;229;6
252;225;133
382;181;385
221;328;211
262;250;430
370;11;299
295;418;457
51;1;89
458;177;322
110;41;261
179;163;450
17;144;145
460;81;249
84;401;494
88;391;371
164;430;12
20;99;101
72;96;120
43;385;46
430;144;309
266;491;431
321;429;357
7;24;25
274;219;292
424;149;27
140;263;36
195;76;4
24;70;74
63;302;43
235;441;47
410;405;423
12;16;20
83;28;148
156;266;281
44;213;412
440;281;137
275;326;84
341;279;122
49;429;177
500;304;117
469;323;206
477;143;153
25;60;65
181;24;57
500;177;448
11;60;61
231;189;18
437;175;97
81;268;148
336;450;274
65;156;169
496;299;16
300;67;12
430;219;172
337;8;197
40;42;58
24;45;51
32;394;359
84;228;1
453;480;99
17;144;145
390;459;41
20;226;142
147;341;42
221;431;438
178;217;393
114;152;190
129;174;235
144;192;240
170;376;374
159;18;220
446;288;352
391;84;453
251;475;451
51;491;408
58;54;155
358;252;411
64;379;377
10;130;375
12;190;226
69;178;414
340;111;226
195;288;318
266;254;210
248;167;40
350;275;246
3;4;5
57;76;95
58;119;50
51;450;142
254;131;382
48;55;73
457;236;187
162;377;235
424;28;42
297;395;438
306;209;158
489;117;147
16;63;65
46;73;273
99;168;195
450;376;200
20;48;52
356;136;463
392;139;72
435;186;389
170;348;197
368;490;272
349;288;102
336;435;90
382;210;169
17;333;457
96;180;204
411;485;102
41;365;122
359;102;248
436;314;399
80;402;241
237;349;318
164;175;244
457;473;369
21;11;427
253;467;283
264;236;216
414;164;453
178;221;455
3;371;331
99;132;165
75;100;125
183;130;142
211;465;371
391;338;93
126;145;377
131;231;199
383;85;386
199;304;200
25;126;452
129;172;215
415;29;106
416;43;325
64;120;136
140;204;87
480;391;480
140;171;221
172;387;279
238;344;44
268;339;497
379;262;296
414;73;186
144;165;219
413;106;482
473;189;273
194;303;345
110;329;224
60;63;87
296;277;39
180;372;497
320;235;350
464;386;424
39;52;65
438;151;19
193;435;299
381;388;297
258;375;296
96;291;67
15;112;113
29;214;227
51;68;85
498;353;10
415;116;302
162;262;255
406;75;457
73;25;320
254;103;295
27;120;123
269;498;338
137;342;61
273;368;448
59;57;318
141;188;235
461;86;85
367;120;331
117;156;195
21;28;35
91;94;47
377;451;226
255;378;321
483;469;62
100;217;436
8;270;111
275;357;347
204;303;270
171;214;437
227;387;5
303;279;353
10;343;469
324;384;213
317;116;198
382;310;210
121;363;356
496;365;242
469;209;243
336;54;415
300;314;222
284;482;281
130;396;407
240;153;61
204;247;175
312;100;160
312;433;424
39;52;65
32;60;68
75;187;413
172;418;479
433;215;189
441;50;149
48;189;195
154;135;289
215;69;141
47;128;82
240;408;147
279;151;283
96;76;246
306;481;232
59;349;300
247;340;60
204;178;212
242;268;235
325;143;282
83;447;43
445;197;83
320;165;259
440;436;184
358;414;290
59;173;148
497;466;385
283;237;111
9;40;41
144;165;219
416;217;242
24;61;440
494;253;237
58;397;51
80;150;170
151;155;31
20;21;29
463;45;175
420;431;200
473;472;229
485;434;493
324;430;63
10;24;26
469;279;320
404;482;143
162;318;488
278;85;157
243;471;86
487;483;481
273;293;143
420;365;228
72;96;120
274;195;18
393;271;488
56;90;106
341;8;358
448;434;370
304;368;264
141;372;470
99;132;165
169;498;449
57;76;95
451;232;230
363;119;189
19;432;2
331;275;95
439;311;304
310;470;470
409;289;496
113;194;289
296;339;459
322;418;279
326;426;74
463;470;397
468;138;181
79;345;472
430;130;73
84;135;159
200;324;12
408;359;61
334;431;14
40;75;85
380;98;161
44;117;125
362;79;77
340;258;457
119;216;271
21;28;35
304;245;236
472;489;316
435;302;282
213;417;209
426;265;114
141;188;235
209;286;356
468;289;94
164;278;199
66;88;110
71;334;460
70;86;126
93;10;128
222;266;424
359;253;100
387;59;397
381;19;417
21;297;240
84;139;477
70;352;169
343;420;152
213;92;105
488;335;109
268;209;3
93;124;155
60;63;87
69;92;115
424;85;391
213;382;39
81;45;198
120;253;307
84;302;474
63;84;105
107;192;435
287;245;465
364;293;383
201;399;62
349;447;385
271;464;373
137;382;331
56;192;200
153;317;39
455;480;181
372;119;347
140;42;336
312;77;207
100;339;260
440;38;251
138;52;82
243;264;301
451;298;240
469;173;485
29;461;339
6;477;291
334;41;307
315;108;35
422;390;311
88;486;52
180;207;464
197;476;498
204;21;446
328;418;335
234;19;365
376;492;276
433;227;3
81;227;275
301;225;122
62;71;154
175;32;475
399;429;147
296;463;194
96;110;146
60;144;156
311;274;209
140;171;221
385;269;423
33;165;98
84;290;85
176;168;164
220;484;149
41;300;343
434;495;368
67;347;368
432;140;153
32;458;352
378;145;348
195;43;12
7;24;25
56;99;431
308;331;299
120;160;200
80;389;249
300;342;484
432;69;106
144;244;281
48;90;102
293;491;308
165;233;306
46;173;362
33;180;183
90;189;266
104;195;221
246;274;329
436;359;98
488;28;138
308;383;442
323;466;222
81;108;135
131;465;366
277;241;295
174;224;300
138;77;87
322;10;140
237;411;275
328;131;414
168;134;301
340;63;146
313;147;219
16;164;366
364;85;127
386;232;487
159;157;129
399;151;376
207;432;203
33;44;55
461;28;428
154;401;385
491;209;29
404;151;61
63;84;105
414;326;268
34;119;177
22;120;122
189;68;267
379;161;473
30;229;148
119;436;47
162;195;68
251;69;469
30;72;78
33;56;65
328;180;180
262;120;283
28;195;197
335;485;457
306;392;276
239;38;167
136;132;270
416;473;209
424;497;99
336;385;429
152;42;426
342;494;374
57;131;97
244;49;262
279;407;402
248;58;26
255;254;24
103;323;54
21;85;488
107;401;464
199;212;285
46;265;466
205;307;66
444;86;236
75;100;125
396;186;173
68;321;70
2;499;2
57;176;185
65;72;97
102;354;215
66;477;49
332;311;121
33;56;65
422;278;68
306;280;125
376;183;290
84;135;159
403;339;465
27;36;45
110;357;299
106;247;237
478;163;417
3;123;259
200;243;22
444;468;220
231;26;235
91;293;2
49;197;27
124;349;257
350;177;86
401;401;228
33;478;174
83;247;157
330;85;279
54;293;165
180;328;131
453;298;30
40;130;445
299;177;322
17;144;145
493;234;298
462;182;133
156;370;403
141;188;235
52;463;354
96;128;160
297;154;376
209;144;322
59;488;188
390;373;435
213;53;327
178;163;306
49;65;98
368;414;261
128;474;476
14;380;330
417;328;40
164;470;158
375;109;32
383;162;229
222;166;365
388;146;212
194;285;322
261;423;108
95;227;433
484;345;185
30;363;348
318;421;292
484;245;80
366;6;48
248;306;393
84;135;159
288;213;415
179;484;322
5;29;28
389;218;91
87;201;212
322;493;207
340;407;173
477;304;186
463;320;183
488;264;302
344;128;237
243;353;8
353;22;192
127;192;157
441;435;406
143;240;164
198;146;386
291;414;200
64;293;371
74;394;116
268;280;347
262;154;206
493;291;23
30;313;284
299;50;327
341;32;207
110;106;382
94;431;185
49;141;260
350;259;298
401;401;422
184;447;188
75;100;125
263;30;145
369;365;410
94;281;486
37;72;252
211;414;144
185;210;406
422;163;275
108;144;180
378;428;418
219;18;135
23;258;392
146;114;351
230;137;223
35;84;91
36;380;404
419;288;90
16;63;65
405;263;160
40;96;104
373;137;184
307;195;156
13;67;283
358;29;367
413;306;18
116;424;171
85;117;320
457;241;254
113;107;396
303;318;488
95;168;193
101;455;376
90;120;150
477;413;189
284;31;342
268;171;496
145;208;25
411;403;329
7;44;206
437;279;158
324;9;292
457;121;47
80;332;38
51;140;149
30;72;78
7;118;326
392;458;416
137;390;291
118;173;354
178;226;37
244;44;404
210;393;243
229;44;129
486;306;40
332;318;392
186;298;246
155;369;192
33;180;183
284;282;213
48;440;103
430;214;118
65;487;70
415;112;425
495;494;283
27;314;220
398;402;352
350;112;342
421;484;52
305;84;480
70;360;365
392;302;309
192;248;135
78;253;262
224;7;121
213;153;475
66;36;359
101;252;430
172;339;56
68;61;314
405;446;426
299;277;430
60;175;185
394;306;36
343;106;173
41;401;294
247;335;164
292;311;444
153;397;304
88;14;158
295;252;220
104;422;351
127;247;450
56;105;119
78;104;130
17;144;145
350;295;141
175;13;389
117;156;195
52;165;173
198;185;415
331;481;475
280;45;290
493;243;189
494;358;189
43;200;322
359;141;486
178;159;316
194;219;260
380;154;494
7;282;5
73;403;268
221;468;370
324;253;124
407;301;435
300;313;122
111;485;470
155;437;258
267;143;445
449;348;456
372;352;252
50;338;415
448;422;26
17;457;267
93;500;355
81;108;135
85;132;157
356;34;144
317;459;157
147;196;245
400;58;263
418;362;421
100;105;145
128;264;313
42;191;454
152;242;335
340;267;241
426;275;247
48;99;368
353;384;316
413;404;416
334;19;136
22;120;122
157;489;19
48;140;148
111;297;23
443;241;496
84;135;159
475;139;378
140;154;99
358;70;271
93;124;155
343;235;368
38;84;270
157;20;95
183;399;28
144;479;60
459;215;468
160;168;232
180;354;62
56;105;119
1;118;274
357;111;5
267;320;294
166;246;199
93;320;17
239;304;480
226;114;204
366;219;492
392;31;272
50;120;130
49;72;378
282;280;194
478;50;117
20;21;29
330;352;257
341;472;268
352;198;468
51;68;85
384;61;365
171;467;138
50;120;130
15;112;113
172;128;398
12;71;101
365;499;165
163;55;195
203;342;237
243;446;322
181;31;376
207;181;159
191;464;339
66;88;110
147;44;185
123;182;254
123;164;205
424;491;92
90;120;150
121;11;204
13;70;231
282;284;347
163;497;138
219;28;345
193;315;24
312;86;358
457;288;467
46;247;5
137;70;374
96;128;160
482;310;303
77;79;91
97;72;139
345;359;289
99;132;165
105;435;7
244;127;240
295;313;441
98;346;360
335;279;226
80;86;164
424;247;356
464;213;224
233;391;134
486;140;384
286;283;397
475;461;395
250;12;231
397;113;119
183;131;340
118;21;283
332;434;213
466;65;157
124;239;20
124;114;161
396;493;476
113;494;393
235;459;139
92;62;378
21;72;75
475;9;297
398;207;380
78;104;130
78;104;130
28;96;100
50;179;284
271;222;404
154;303;253
56;105;119
47;183;207
13;84;85
56;90;106
420;285;283
48;90;102
405;228;43
478;76;152
27;120;123
65;127;222
40;96;104
40;126;468
36;470;330
7;418;106
307;281;466
491;204;494
465;213;216
464;345;292
286;441;130
323;320;135
357;354;360
417;310;11
90;113;384
211;456;347
39;52;65
78;146;422
333;229;2
481;87;230
120;410;468
67;189;387
443;317;270
15;300;358
391;331;394
339;139;450
284;23;225
217;291;135
44;269;304
189;82;14
317;138;362
44;377;40
126;10;161
226;62;255
129;122;157
193;326;192
149;276;490
86;178;136
57;176;185
24;154;351
204;98;191
371;149;45
88;88;277
176;489;248
185;316;132
353;403;24
7;244;463
81;151;303
317;281;285
254;263;78
178;356;426
406;283;465
9;12;15
338;456;313
183;356;289
11;60;61
465;109;410
23;52;76
499;449;462
420;13;315
166;24;380
219;308;220
75;354;271
94;478;319
13;31;247
278;175;457
55;132;143
12;16;20
265;60;269
303;90;491
60;144;156
19;180;181
83;38;168
175;342;89
251;222;472
36;160;164
247;431;250
72;96;120
91;121;325
300;330;424
338;345;181
281;482;322
286;124;333
476;254;4
65;72;97
500;409;357
345;269;378
143;196;143
140;171;221
265;311;232
35;378;98
131;457;250
160;381;463
341;365;408
321;448;105
123;274;146
42;56;70
202;163;481
156;32;90
431;9;272
460;416;19
278;371;414
57;47;296
186;210;469
74;118;431
243;400;107
170;143;264
212;416;117
437;124;317
470;195;120
48;140;148
417;201;244
106;318;157
138;376;54
302;124;83
401;64;194
125;274;157
77;425;411
499;431;14
69;91;138
399;50;35
451;366;241
214;50;54
176;471;242
124;331;269
374;92;407
255;1;30
195;500;211
480;492;465
430;204;43
67;387;385
266;109;266
57;245;415
28;96;100
454;196;44
199;17;357
460;152;268
173;22;172
132;328;15
48;90;102
359;437;104
158;89;433
229;433;221
84;135;159
393;248;344
371;412;248
322;167;311
120;126;174
411;338;117
81;108;135
274;38;104
394;269;328
487;370;27
331;96;248
311;316;156
63;84;105
171;60;229
168;365;99
40;198;202
387;322;210
382;187;292
63;84;105
130;18;486
53;30;217
405;321;135
336;388;332
13;36;477
298;83;359
140;212;448
465;214;456
249;291;280
164;9;281
60;175;185
24;45;51
93;124;155
60;431;424
48;142;344
79;198;201
322;96;186
485;353;76
271;418;124
13;328;193
264;23;12
265;351;41
165;225;79
24;32;40
309;438;498
363;196;271
467;393;3
390;278;96
458;428;453
8;15;17
497;285;488
172;279;329
362;296;422
412;309;290
51;37;335
65;156;169
1;294;68
8;431;224
191;98;188
498;270;324
34;376;179
119;120;169
103;275;384
129;172;215
255;489;125
303;378;157
325;487;479
451;7;243
383;268;290
72;84;113
415;297;87
200;265;343
34;428;270
259;439;153
87;308;342
256;96;463
231;487;292
15;27;393
250;28;5
24;143;145
411;232;133
33;44;55
435;376;172
30;486;66
5;42;273
395;133;427
325;362;399
403;188;357
295;45;164
257;404;173
134;439;235
477;485;246
367;243;476
210;214;255
469;343;2
112;180;212
485;471;239
236;193;418
239;177;300
334;351;170
78;440;493
31;292;201
16;30;34
178;183;438
279;192;370
448;390;113
90;189;335
219;270;385
33;379;246
66;88;110
226;439;409
289;371;196
413;484;447
434;208;187
395;117;445
298;282;414
450;111;188
354;221;360
155;500;437
306;419;365
365;330;383
263;129;461
475;123;30
453;168;232
327;264;91
496;464;424
353;429;92
293;16;90
272;486;86
75;216;348
270;369;234
54;275;18
370;480;296
349;263;474
466;116;209
491;426;309
30;72;78
102;136;170
118;419;378
418;141;326
249;326;409
388;163;500
334;282;189
64;56;137
143;58;398
47;263;106
369;92;496
146;257;434
95;396;394
359;62;72
1;334;282
36;77;85
370;299;197
245;377;206
396;376;130
276;334;331
128;200;202
47;254;386
206;42;63
363;361;181
332;307;40
18;80;82
419;52;180
132;229;92
223;485;492
153;188;438
226;254;407
326;203;452
9;39;129
420;473;315
11;260;339
16;152;254
121;83;141
256;229;337
322;376;217
41;337;369
33;56;65
231;63;346
302;496;257
188;487;206
486;17;227
177;357;487
184;56;310
347;214;314
34;454;240
280;238;363
90;230;346
17;163;274
12;10;447
382;292;346
27;36;45
463;268;489
69;193;117
86;38;166
497;112;196
196;55;487
73;1;227
353;145;492
163;306;14
395;178;466
22;120;122
54;72;90
64;120;136
101;124;252
493;17;426
221;356;365
126;235;320
17;144;145
78;160;178
236;439;221
320;461;219
407;204;15
331;167;350
320;83;249
176;213;432
387;466;25
17;455;207
449;461;247
81;108;135
359;274;441
11;60;61
368;388;394
160;277;341
362;14;330
348;206;229
275;22;51
384;277;305
50;120;130
333;33;339
93;298;302
235;30;53
430;330;456
180;375;457
125;110;13
406;351;368
112;72;291
422;225;120
35;84;91
209;22;216
160;391;384
30;72;78
126;313;215
48;140;148
406;427;95
65;156;169
17;485;114
251;262;76
84;112;140
465;134;415
144;165;219
230;185;24
16;63;65
438;291;374
1;462;206
105;361;5
286;375;328
317;458;351
184;326;399
88;105;137
494;242;174
123;35;130
327;301;233
333;317;386
60;63;87
89;396;11
455;53;299
60;179;97
12;19;182
450;404;336
97;496;265
478;20;280
320;151;415
24;32;40
156;393;102
426;436;24
242;452;225
160;263;349
33;56;65
103;365;197
163;228;487
472;288;183
18;24;30
133;156;205
412;473;462
69;295;13
321;152;75
248;69;229
266;386;212
276;196;166
82;120;33
199;212;60
27;350;453
228;440;316
401;182;36
82;293;477
104;153;185
233;16;423
164;286;68
364;118;97
305;416;100
408;471;114
310;408;2
209;461;171
24;143;145
129;172;215
494;318;94
496;131;272
191;5;15
59;18;446
368;160;31
320;483;84
258;188;386
69;234;414
36;105;111
379;249;113
153;329;211
293;174;443
77;440;174
128;202;222
279;188;319
16;23;419
287;138;295
129;223;67
18;24;30
146;477;124
99;168;195
469;471;160
361;409;418
490;128;18
494;383;377
25;225;476
184;216;380
366;485;499
161;224;207
11;60;61
170;296;273
242;254;313
411;219;488
349;80;364
70;364;446
417;317;134
113;404;18
21;132;408
366;488;488
49;465;292
500;199;74
78;104;130
334;490;136
32;421;333
481;285;243
73;441;439
51;68;85
14;48;50
66;88;110
8;15;17
6;8;10
345;346;189
148;110;147
444;15;212
407;188;273
3;144;385
375;275;185
40;235;192
431;233;115
152;154;304
478;378;80
248;52;334
8;289;117
402;309;81
175;409;101
147;459;379
45;108;117
276;142;235
67;212;110
215;137;25
272;49;170
262;100;338
2;7;7
119;120;169
260;248;465
90;171;99
420;178;451
498;229;394
415;341;322
88;189;461
497;238;414
95;405;492
206;259;18
486;144;205
438;409;346
352;409;260
355;28;439
111;226;65
191;281;140
8;67;90
66;330;165
328;450;436
311;416;147
100;205;499
161;461;11
472;164;54
403;227;476
209;333;46
119;120;169
87;325;460
475;103;201
498;468;267
211;207;215
382;299;237
138;184;230
210;407;244
42;446;444
423;332;308
364;372;183
35;464;387
178;63;67
470;482;102
43;144;154
11;31;455
341;21;217
416;83;450
3;4;5
33;180;183
293;185;278
454;469;203
411;471;265
99;68;233
432;208;36
35;120;125
325;394;397
24;70;74
61;170;139
96;322;340
37;386;352
284;95;487
284;382;349
72;135;153
265;6;264
455;4;128
396;45;118
396;434;365
74;103;80
432;334;164
99;166;280
65;72;97
70;211;425
425;405;442
456;176;431
444;151;180
129;172;215
6;8;10
28;32;82
133;156;205
473;18;279
282;46;35
226;273;439
259;21;309
70;168;182
28;195;197
32;302;313
55;433;90
89;84;301
358;77;26
77;180;86
218;361;91
370;154;453
77;49;349
444;198;46
127;4;227
328;101;80
65;156;169
17;144;145
206;16;336
345;469;357
486;73;423
42;255;118
305;343;336
193;499;391
227;207;229
42;56;70
286;103;198
254;252;122
137;413;473
472;483;103
340;71;174
248;77;233
288;82;207
237;416;111
195;448;304
131;453;495
178;442;455
140;99;22
255;461;46
164;241;426
105;140;175
168;321;411
39;52;65
46;162;359
31;14;154
270;97;436
157;261;207
71;201;308
278;276;442
42;56;70
327;182;129
357;269;238
66;88;110
429;50;329
12;77;454
334;16;33
211;379;365
282;438;483
254;247;53
402;59;12
392;300;174
487;409;217
4;404;171
88;105;137
128;163;18
124;441;98
120;66;30
280;17;176
387;323;272
72;75;254
76;318;345
435;416;202
45;60;75
375;86;375
500;194;449
190;185;298
144;192;240
35;84;91
478;67;342
180;189;261
129;172;215
86;131;305
52;448;219
49;355;172
421;280;141
461;70;3
237;120;395
58;319;430
210;385;410
34;131;396
360;101;463
160;151;155
425;440;329
256;404;181
347;222;7
36;77;85
354;230;273
32;126;130
490;377;128
90;59;229
29;206;477
28;45;53
19;180;181
35;84;91
428;380;430
77;377;378
126;498;332
6;324;246
48;140;148
434;202;146
16;30;34
102;459;120
483;138;181
389;144;249
24;400;98
105;101;309
488;157;341
425;47;172
98;222;265
479;101;309
235;180;445
276;241;200
282;490;8
184;40;388
250;135;284
24;45;51
20;21;29
328;149;311
407;441;494
196;166;497
71;43;105
116;473;447
219;161;328
96;110;146
156;476;98
182;401;150
153;328;336
123;164;205
30;315;95
385;417;172
463;392;500
76;237;228
488;334;191
158;440;260
463;6;443
258;140;331
192;202;352
34;38;478
396;447;362
237;236;178
148;235;304
144;498;467
233;17;182
44;252;463
355;345;286
280;104;21
427;311;498
246;37;59
46;478;152
70;70;212
175;37;337
190;422;189
259;435;9
386;314;52
45;55;451
13;398;185
333;193;338
96;180;204
166;116;491
401;496;489
147;196;245
452;203;113
201;117;386
112;75;141
317;44;220
317;121;349
4;382;149
136;270;118
78;282;323
167;314;431
67;494;418
123;164;205
429;429;417
445;262;142
215;377;290
421;261;218
264;498;196
325;53;475
181;437;167
90;120;150
243;165;419
121;366;444
9;40;41
399;336;418
447;2;313
226;285;147
483;226;414
166;472;476
410;471;332
407;119;432
330;241;37
85;275;287
416;430;215
411;149;284
46;47;391
18;135;459
6;451;34
104;253;156
303;9;255
60;80;100
88;179;74
488;83;189
37;395;439
157;61;226
48;189;195
262;183;327
165;55;320
465;269;337
333;26;234
78;12;223
415;417;10
478;469;224
436;330;136
453;209;170
371;341;64
247;171;277
219;408;334
99;132;165
120;126;174
24;45;51
352;125;305
116;269;372
185;25;400
274;382;257
32;60;68
240;350;330
245;470;293
165;229;87
205;461;225
321;422;273
250;144;314
494;105;291
170;44;237
142;319;82
257;423;441
271;244;471
55;450;95
331;243;379
323;144;405
37;376;154
330;277;490
314;496;346
341;434;428
32;19;35
54;460;244
144;192;240
56;105;119
331;59;369
99;87;75
456;96;209
457;159;327
9;144;108
48;90;102
214;463;89
406;381;356
80;192;208
110;203;369
45;218;340
80;84;116
180;482;130
432;357;72
27;120;123
380;352;276
124;180;30
64;120;136
367;449;194
80;365;189
99;132;165
295;64;394
105;343;301
180;482;193
386;273;137
60;488;426
451;171;438
45;60;75
209;238;120
181;203;347
290;447;449
468;217;137
404;302;487
499;81;455
429;272;434
75;180;195
53;414;33
280;326;473
247;449;330
34;236;279
108;144;180
393;461;449
128;120;175
453;468;359
125;63;388
200;307;274
100;376;66
466;461;483
355;490;78
365;491;404
483;164;137
227;447;259
108;144;180
75;459;383
362;350;61
281;12;60
134;366;402
355;368;183
326;339;101
227;491;245
211;47;212
36;77;85
70;241;39
268;189;333
454;342;184
182;1;164
176;212;162
213;107;473
275;183;76
436;227;330
112;352;338
207;155;149
222;376;117
136;409;320
417;304;210
147;385;377
291;364;111
224;246;311
287;356;255
371;123;296
162;467;32
214;344;25
163;148;15
28;195;197
459;338;215
84;112;140
114;152;190
236;86;2
270;213;495
152;337;452
60;80;100
264;46;238
397;398;410
419;450;210
378;321;254
425;2;299
257;96;242
292;13;487
444;377;164
374;223;169
163;2;253
121;333;59
121;231;379
42;126;10
84;135;159
447;235;470
52;165;173
50;98;446
329;270;149
308;384;421
236;29;292
396;208;75
120;126;174
452;288;251
248;483;56
390;193;82
362;118;378
267;396;425
357;259;139
279;412;188
308;392;423
398;374;500
59;439;445
299;355;88
36;48;60
141;198;149
343;99;225
170;316;125
60;175;257
358;177;353
44;117;125
53;41;302
33;56;65
444;4;13
387;393;427
314;94;268
144;81;145
12;16;20
352;364;279
263;30;130
305;285;430
144;456;118
35;376;324
249;70;458
142;206;242
409;299;338
205;155;20
18;366;95
399;405;428
52;165;173
84;135;159
284;255;197
310;252;391
162;196;309
233;437;145
41;317;176
115;290;230
51;68;85
210;313;82
431;306;159
99;168;195
121;90;183
282;117;98
185;107;494
325;108;176
500;364;268
438;133;336
441;90;441
68;419;222
104;368;323
132;263;366
188;352;386
134;66;128
88;105;268
177;265;194
173;472;301
460;492;242
266;471;401
441;413;112
66;147;160
305;237;261
337;145;385
28;387;488
290;314;69
238;73;147
422;229;315
84;187;205
176;94;37
102;292;371
264;307;170
79;198;389
395;72;223
254;452;280
275;371;469
115;153;106
236;259;434
123;7;301
75;100;125
423;286;302
69;281;301
185;94;139
121;1;14
245;479;173
199;426;32
440;199;470
380;246;437
366;253;241
254;46;67
350;25;485
359;366;394
100;105;145
165;336;289
238;187;461
345;317;117
212;266;278
245;246;420
33;56;65
120;182;218
329;195;123
223;256;227
339;324;42
241;387;172
342;411;324
181;473;448
387;424;247
453;20;166
336;286;210
147;289;305
435;265;305
442;68;328
8;15;17
115;390;407
76;184;313
38;68;69
453;146;354
493;310;425
42;36;61
401;87;470
287;335;455
100;105;145
184;5;193
432;376;432
270;25;467
418;273;127
84;239;478
409;328;269
309;249;216
29;164;473
100;105;145
176;221;121
22;65;170
168;123;500
19;72;432
236;211;26
207;258;259
274;384;325
45;384;2
383;126;15
291;299;86
471;354;348
53;153;41
360;273;328
68;266;358
468;469;170
210;60;176
416;440;90
77;385;316
48;64;80
58;252;315
98;342;191
96;128;160
467;171;142
77;157;119
211;246;372
244;386;305
321;209;177
440;355;8
114;152;190
287;406;381
335;250;327
85;165;349
412;444;41
498;16;13
225;493;421
115;43;301
308;448;371
15;112;113
282;480;126
80;71;235
402;9;364
218;154;482
70;430;26
209;483;367
54;405;468
359;374;336
356;487;473
286;479;340
3;4;5
497;436;75
6;245;243
179;276;303
476;101;333
69;92;115
202;48;145
77;5;301
491;372;299
190;15;378
308;130;207
120;160;200
184;451;37
54;438;466
339;453;232
408;202;317
23;161;146
201;33;173
415;55;260
119;120;169
457;90;322
335;326;262
179;495;28
170;73;316
49;137;329
277;222;284
395;368;380
123;316;263
17;83;275
56;90;106
19;240;482
27;120;123
134;309;18
155;476;96
209;193;246
180;280;271
117;156;195
446;369;184
475;115;18
96;128;160
458;266;337
18;489;448
268;249;112
54;5;97
497;432;480
209;261;221
144;180;471
97;181;156
432;268;166
427;452;480
23;229;331
111;312;208
44;423;330
105;140;175
497;488;69
383;154;184
130;147;294
24;45;51
10;110;270
140;287;286
445;92;117
432;347;149
156;457;91
182;289;164
49;85;28
400;435;451
331;307;249
222;38;331
63;75;265
475;217;338
418;452;181
167;220;246
197;106;461
441;391;318
40;58;19
236;265;223
18;80;82
63;142;244
119;120;169
72;135;153
411;131;400
381;269;361
60;63;87
45;60;75
349;207;109
162;430;91
229;101;301
330;398;211
134;459;78
425;431;243
8;15;17
161;146;222
417;72;73
143;255;6
135;180;225
206;305;427
366;231;74
35;120;125
148;354;179
153;421;385
290;207;386
80;84;116
77;142;258
83;484;229
75;180;195
62;451;297
40;198;202
63;47;308
80;84;116
396;24;12
368;326;383
370;447;291
411;482;264
210;185;321
90;11;277
88;105;137
415;455;315
41;44;281
109;252;254
470;165;310
99;399;321
285;341;192
443;81;261
84;187;205
327;326;74
300;385;293
212;382;325
391;123;120
370;72;370
226;155;345
443;499;374
232;173;140
51;125;245
233;484;430
75;9;195
373;363;329
62;243;423
86;431;369
201;1;234
492;27;412
407;404;15
42;144;150
31;196;83
419;264;399
149;437;321
342;17;376
23;183;448
28;70;32
125;154;493
400;101;62
480;402;154
420;114;374
40;198;202
346;298;68
28;96;100
13;84;85
64;175;143
471;408;432
249;259;458
301;412;365
375;282;210
50;120;130
458;78;329
129;184;64
26;78;181
119;120;169
483;78;452
386;224;454
31;159;451
61;116;279
40;198;202
212;484;165
28;264;104
209;291;204
437;166;431
205;81;306
145;240;410
57;180;411
112;484;242
227;129;455
5;12;13
132;176;220
312;42;351
448;375;203
307;251;493
456;34;90
326;76;368
196;313;90
36;485;300
196;10;472
461;343;159
79;219;283
374;126;9
126;495;423
38;179;384
380;393;316
319;499;126
311;97;134
163;217;387
141;194;291
371;92;31
434;440;384
56;105;119
101;436;122
215;266;332
356;363;108
484;200;496
257;487;83
108;144;180
40;198;202
394;62;128
404;125;88
10;225;187
190;175;191
70;168;182
4;493;311
484;21;306
411;74;359
151;173;83
184;425;237
39;80;89
465;207;395
447;122;160
229;198;192
166;41;99
369;446;449
79;71;205
259;299;483
263;137;232
84;370;351
94;336;138
430;178;76
85;258;429
87;99;198
115;144;88
284;367;364
75;238;240
95;455;475
93;77;448
301;291;321
342;39;110
243;257;471
487;290;124
370;42;189
205;77;50
35;262;284
365;116;438
394;412;31
74;323;93
21;28;35
480;338;307
39;80;89
258;398;191
346;436;468
21;28;35
43;263;52
3;64;99
479;340;469
311;409;278
65;411;251
460;7;161
20;21;29
225;185;160
40;42;58
38;127;381
92;305;162
327;71;115
15;260;360
44;117;125
78;160;178
306;302;202
71;374;416
149;254;165
174;156;261
141;405;490
298;18;258
136;333;500
124;428;324
403;16;491
248;353;253
338;148;249
117;161;449
189;428;254
39;110;394
346;186;354
114;152;190
401;119;179
72;154;170
493;287;158
217;269;132
341;487;312
474;74;475
188;93;271
401;500;211
13;54;442
56;105;119
48;273;474
456;137;72
7;145;317
145;154;35
337;447;53
80;84;116
126;168;210
230;110;316
374;448;244
177;446;409
60;63;87
245;499;71
46;43;263
379;471;45
441;151;41
49;318;385
41;118;387
37;376;166
185;178;101
439;199;346
418;487;324
123;432;304
25;430;382
485;223;101
132;300;33
373;428;248
125;412;2
470;221;421
300;296;366
355;496;216
301;378;394
57;176;185
351;33;394
233;114;376
166;249;1
63;332;155
247;465;223
53;210;236
78;31;341
385;295;278
152;287;43
318;122;123
265;220;14
24;163;103
453;170;82
179;120;55
470;188;129
354;238;349
472;495;83
466;225;407
410;28;319
358;64;71
50;120;130
345;18;186
123;224;100
266;403;291
95;490;34
360;246;187
392;491;275
48;64;80
382;6;47
219;297;430
457;41;2
33;494;135
56;455;81
232;15;341
468;332;62
413;450;484
398;354;315
344;180;264
86;454;377
132;186;14
479;149;436
28;320;366
443;3;126
137;145;115
281;225;208
123;164;205
134;27;178
392;121;34
446;210;195
379;367;183
394;264;479
114;101;139
344;230;58
122;291;42
138;486;453
402;287;168
170;27;196
95;77;276
144;192;240
139;340;445
419;300;376
199;237;476
339;358;453
11;16;101
280;7;56
342;322;91
47;49;481
176;455;2
132;152;148
204;413;479
324;368;358
344;43;192
439;123;485
9;249;330
475;384;370
56;192;200
281;140;215
35;312;27
90;140;19
265;98;217
263;278;16
384;388;30
108;144;180
318;321;126
332;344;352
438;121;307
490;35;461
7;24;25
417;124;48
149;27;325
266;258;499
62;368;267
16;63;65
307;285;288
278;64;363
485;343;77
369;333;141
483;5;211
50;274;115
67;124;280
138;431;148
397;435;89
161;28;38
78;104;130
429;437;35
273;67;202
90;382;134
199;118;15
131;39;77
412;180;225
168;412;289
327;274;363
410;424;378
152;365;194
66;345;201
214;397;335
423;439;402
398;176;149
223;260;31
15;36;39
93;284;64
86;315;384
135;153;305
125;21;441
72;154;170
435;299;302
43;482;252
87;350;264
175;128;493
342;394;257
272;344;487
449;405;471
113;257;295
169;25;459
215;166;97
226;217;474
99;168;195
19;28;343
145;360;412
342;307;356
83;65;20
480;152;426
348;282;244
58;335;447
32;442;245
120;160;200
169;190;104
458;354;60
81;365;292
130;230;372
15;72;348
52;165;173
60;91;109
53;140;400
59;98;262
34;375;250
120;126;174
326;94;349
92;349;32
380;215;371
176;359;185
399;351;297
180;189;261
46;62;297
377;160;75
102;63;297
499;245;323
288;337;67
44;244;82
360;238;269
143;16;224
40;96;104
456;331;499
124;128;210
62;160;486
306;214;358
139;357;97
122;86;260
130;43;479
263;336;359
112;370;223
257;427;44
28;45;53
423;121;47
262;140;112
80;192;208
145;96;319
223;308;164
92;337;398
31;176;164
484;388;409
134;261;473
93;274;364
298;145;330
142;190;402
66;112;130
269;406;468
337;17;191
153;445;186
282;247;243
96;223;252
153;190;471
270;366;478
479;70;197
15;90;106
368;481;379
196;452;346
301;199;173
304;32;226
36;105;111
155;349;439
410;341;444
90;120;150
377;99;231
498;159;425
253;323;300
285;10;250
42;144;150
281;121;354
59;497;42
33;180;183
154;245;125
418;214;433
66;125;343
296;73;451
456;97;395
48;90;102
134;186;335
141;353;356
369;219;296
306;266;490
57;150;69
381;492;383
140;113;34
333;344;354
496;405;417
6;460;260
252;75;331
210;478;231
73;89;424
313;232;112
436;449;264
21;72;75
498;104;353
60;144;156
334;103;184
47;276;131
155;257;325
125;407;370
5;211;455
251;101;36
166;98;79
222;326;280
121;105;460
133;142;48
196;488;96
15;36;39
474;204;170
60;144;156
415;71;332
377;298;145
451;304;28
164;469;393
313;135;164
90;13;82
200;232;444
423;374;432
425;449;392
483;294;442
108;437;488
434;108;311
456;361;56
278;479;5
36;48;60
462;329;143
46;422;24
316;183;403
60;91;109
8;390;16
211;100;258
91;363;107
248;230;409
39;12;87
265;364;166
301;83;86
15;466;315
12;199;464
45;108;117
410;262;160
419;394;461
453;264;14
121;113;496
276;161;1
174;80;220
328;240;452
221;452;331
30;40;50
55;229;178
231;24;426
460;321;140
429;349;496
185;120;363
219;360;416
365;420;28
99;132;165
324;395;208
273;210;321
287;177;111
139;385;317
80;84;116
119;120;169
11;60;61
30;40;50
287;96;429
89;437;403
462;423;77
80;308;439
405;98;80
225;485;286
60;404;233
27;37;283
130;136;232
61;16;449
9;40;41
334;123;475
316;358;430
363;81;129
87;432;442
87;498;237
155;79;187
303;79;38
379;288;213
463;146;257
396;240;364
89;282;134
68;201;168
21;155;150
8;242;67
417;207;119
95;406;426
381;22;435
433;74;3
218;451;281
253;132;316
214;179;232
44;434;442
471;405;138
334;102;51
287;183;104
118;60;384
345;444;191
114;152;190
382;232;203
322;235;241
423;88;170
287;449;143
116;206;191
72;135;153
200;118;459
447;6;328
84;187;205
276;239;68
421;231;300
177;106;27
331;150;374
474;22;234
134;359;357
148;167;104
15;36;39
330;476;4
68;186;65
59;170;201
60;80;100
42;359;457
440;212;189
227;367;1
417;103;19
244;277;185
172;373;430
370;205;320
1;351;1
477;327;281
144;314;304
232;341;56
6;8;10
28;195;197
418;402;381
360;78;374
289;132;405
74;94;128
333;11;189
155;402;328
132;176;220
41;431;244
92;184;115
94;330;182
202;357;133
241;490;450
118;253;425
32;60;68
359;105;211
16;175;307
269;5;364
374;410;279
75;100;125
327;245;247
74;166;97
474;25;218
27;304;123
188;123;40
60;63;87
44;410;313
306;275;117
301;290;490
239;481;223
55;101;15
202;352;159
366;67;118
195;44;480
497;99;355
16;63;65
189;402;323
429;461;60
493;139;126
234;304;220
168;365;287
176;187;266
75;100;125
372;111;373
20;48;52
166;251;446
192;19;180
80;39;30
196;116;92
353;270;152
13;103;94
253;160;145
217;377;429
100;105;145
444;36;75
126;271;303
56;126;495
349;147;121
87;453;15
156;116;465
217;10;447
135;4;83
404;460;336
434;302;301
450;25;197
36;160;164
435;327;5
466;435;187
140;270;122
29;426;224
222;373;41
344;239;432
9;12;15
134;11;179
388;256;311
171;464;262
194;91;187
201;482;359
437;194;296
193;175;273
426;81;304
4;497;317
34;449;478
182;173;384
438;391;72
269;160;295
121;302;312
370;319;324
410;295;183
58;176;370
135;455;405
183;416;326
435;279;82
213;247;224
65;72;97
382;183;48
314;2;369
327;120;46
2;170;81
237;122;377
139;118;164
432;472;462
40;42;58
467;192;344
232;227;76
236;84;475
289;147;431
113;365;75
467;120;276
98;412;241
60;446;63
111;148;185
171;259;7
147;499;499
115;409;366
192;301;306
43;334;270
227;431;72
236;422;440
60;494;214
221;357;406
468;357;176
87;116;145
409;172;368
308;8;232
87;116;145
359;491;229
293;34;42
200;110;57
258;195;403
65;72;97
483;300;356
79;125;252
6;139;356
178;398;100
9;12;15
260;354;272
29;246;94
137;63;158
255;300;300
119;120;169
265;119;463
435;29;77
286;86;293
309;35;257
187;396;474
27;110;256
189;386;383
60;80;100
345;423;384
493;95;263
406;157;77
486;367;245
18;24;30
245;332;499
48;189;195
30;40;50
449;218;16
85;410;258
183;213;487
418;158;387
67;16;313
167;14;45
80;45;398
417;150;207
233;71;461
59;317;480
211;478;23
24;45;51
205;163;196
308;302;374
421;486;233
116;153;376
427;394;499
212;48;22
124;105;339
301;299;117
88;334;190
263;174;225
10;4;291
57;76;95
265;175;395
42;56;70
132;333;354
100;455;319
60;91;109
34;297;465
223;120;388
2;71;402
457;22;360
42;113;302
145;155;279
356;108;208
165;64;401
215;348;196
174;156;435
97;457;426
45;108;117
118;77;355
163;112;452
235;306;343
251;323;81
84;459;235
92;332;26
288;213;193
109;164;450
46;61;259
254;447;461
23;374;412
19;219;62
178;222;134
435;217;165
84;265;224
103;141;343
103;242;442
212;478;208
408;125;281
423;439;300
433;243;286
314;472;216
41;200;220
111;292;440
63;92;249
409;396;377
468;437;77
77;116;7
153;46;99
382;377;194
17;144;145
386;147;142
266;175;201
105;184;205
69;76;46
216;345;128
167;302;495
123;243;377
100;105;145
110;302;313
117;371;419
484;208;169
240;330;140
306;210;325
377;247;474
56;105;119
40;75;85
36;179;424
210;266;136
192;335;209
407;25;270
439;70;413
337;464;68
410;265;132
262;304;171
126;37;53
278;11;456
87;116;145
414;179;127
94;433;319
54;72;90
129;172;215
225;358;298
454;33;89
286;441;470
204;375;494
267;361;33
173;48;156
112;180;212
282;42;308
351;224;182
271;122;440
156;57;282
77;37;350
171;119;204
83;450;35
127;228;12
53;398;110
366;179;141
195;5;102
276;270;73
340;273;139
207;384;442
35;84;91
265;114;484
187;446;421
132;405;240
369;354;230
60;80;100
206;19;62
227;37;426
48;242;471
365;48;316
466;50;262
273;307;259
156;85;44
208;25;32
163;320;377
214;473;275
408;22;243
464;186;216
404;338;405
407;91;170
133;277;326
96;128;160
194;383;244
204;42;213
237;290;431
405;326;54
180;189;261
470;92;255
78;104;130
47;180;61
75;180;195
283;45;395
40;42;58
56;377;41
21;72;75
194;231;153
15;365;153
99;168;195
363;240;36
125;352;167
70;93;346
257;276;74
257;252;173
141;246;221
241;494;27
84;112;140
297;252;229
281;330;470
143;220;255
36;77;85
174;456;218
131;221;462
274;122;291
167;182;404
74;318;356
166;450;203
6;100;150
384;14;325
129;275;95
434;364;473
305;287;405
96;423;414
114;318;148
478;227;38
262;429;498
78;53;210
19;245;224
75;180;195
165;30;41
432;288;400
447;307;242
296;356;475
414;488;282
52;488;356
18;24;30
367;217;404
330;187;341
67;369;450
306;242;370
48;90;102
121;46;421
395;441;390
305;366;378
453;221;129
273;124;476
167;481;139
441;343;316
155;101;495
121;83;31
304;167;279
197;226;479
43;303;19
79;38;239
195;210;35
190;155;236
81;108;135
335;362;267
301;330;497
102;291;377
399;27;418
51;197;13
76;119;236
293;299;418
107;103;491
418;87;102
5;492;448
64;120;136
44;139;424
57;176;185
68;355;350
115;225;261
66;157;236
12;35;37
301;300;380
204;245;418
152;434;50
484;67;382
402;313;287
342;261;259
98;345;153
236;384;499
399;290;252
457;369;249
173;87;453
42;56;70
418;123;69
144;442;298
292;18;299
118;153;373
84;135;159
109;86;296
63;388;476
65;72;97
81;305;270
384;271;48
232;123;357
10;181;26
37;484;258
96;152;405
15;20;25
354;27;150
269;313;213
210;339;387
17;320;249
228;399;500
3;341;348
107;197;17
343;391;474
479;338;99
100;212;275
21;72;75
452;193;407
60;63;87
193;370;108
443;222;84
291;384;6
145;122;95
40;96;104
28;81;101
26;168;170
308;406;85
28;39;16
36;160;164
179;406;226
162;421;66
118;463;344
399;476;483
111;220;52
414;111;404
310;174;278
487;173;483
99;62;130
159;90;196
301;387;381
67;220;198
86;497;310
485;270;50
195;67;67
102;44;166
469;165;432
364;121;439
70;168;182
424;453;64
313;208;469
123;380;409
6;8;10
244;318;473
105;188;285
80;487;370
383;136;161
84;243;378
468;80;146
225;492;28
100;266;349
9;158;413
161;441;403
372;70;6
193;280;337
487;231;410
4;247;368
462;468;254
91;435;153
118;45;372
239;239;267
48;54;401
88;326;291
468;361;476
90;400;186
22;6;264
108;144;180
3;4;5
271;414;182
154;276;313
384;261;390
405;208;247
182;225;353
295;177;342
477;255;368
90;36;100
337;464;169
286;385;41
55;357;332
236;309;489
292;380;67
473;444;444
60;56;434
205;209;426
162;223;71
26;280;319
348;420;18
459;246;276
25;60;65
24;32;40
400;211;277
243;113;430
44;117;125
80;137;248
43;403;194
500;372;461
171;224;44
55;132;143
258;20;487
460;67;472
38;112;71
158;300;356
387;181;361
480;411;275
36;18;438
330;282;80
143;155;500
190;331;312
254;275;137
21;28;35
440;15;12
131;54;113
104;246;399
295;364;57
497;486;34
401;322;75
81;123;296
497;155;44
345;260;399
176;222;407
40;75;85
221;417;175
61;119;308
116;484;104
284;128;188
342;358;255
396;28;41
248;90;102
310;20;35
141;239;398
202;490;335
283;471;478
20;48;52
104;18;323
493;182;81
279;101;166
442;372;3
83;292;127
438;397;1
220;355;60
444;461;324
398;336;198
175;356;204
211;261;269
470;51;348
20;64;110
9;2;466
268;476;23
123;70;84
255;434;162
60;91;109
21;28;35
28;229;429
486;414;479
390;184;402
116;438;405
40;157;14
84;391;15
36;77;85
96;211;326
107;318;267
256;238;158
300;458;215
418;449;99
480;370;258
105;15;251
317;78;54
57;76;95
253;95;51
473;47;380
470;380;147
95;168;193
333;224;193
493;357;94
216;53;220
163;251;373
400;26;186
383;281;53
485;241;72
57;322;290
4;143;449
8;98;379
169;467;315
33;56;65
76;461;348
242;112;298
83;77;338
387;17;349
6;8;10
135;456;450
96;49;370
260;483;110
210;484;119
23;120;261
75;232;163
25;480;355
47;114;493
70;220;345
26;168;170
234;337;77
15;5;283
485;253;364
183;199;347
377;55;469
324;153;181
438;500;391
266;402;397
167;115;431
36;48;60
246;484;307
185;91;493
261;425;413
231;404;240
99;132;165
140;204;154
306;457;46
494;351;167
44;414;284
495;246;164
431;469;187
260;122;9
346;35;494
103;1;447
429;222;413
413;23;401
28;393;2
403;109;427
48;140;148
316;423;212
36;304;354
18;422;468
24;32;40
196;322;177
3;4;5
493;25;362
238;379;181
394;107;267
276;222;198
27;36;45
458;298;354
304;133;127
247;86;430
246;451;274
267;288;135
474;11;446
212;414;77
418;159;302
160;407;87
412;159;18
401;46;195
98;449;394
263;260;19
120;160;200
433;227;474
438;397;397
432;347;350
452;117;76
14;394;444
192;182;255
44;358;76
67;342;18
72;96;120
115;381;51
100;105;145
152;263;96
311;28;12
310;344;290
402;374;158
435;27;41
210;262;288
101;245;472
40;385;277
294;18;342
470;138;412
49;168;175
489;410;57
264;308;98
436;442;78
193;4;378
499;387;293
207;168;374
417;163;438
159;189;5
52;165;173
439;147;58
395;263;271
266;443;219
347;149;102
423;426;74
243;219;481
144;339;83
425;306;390
153;474;7
165;476;35
60;80;100
338;192;305
144;165;219
39;400;109
292;217;19
235;149;345
48;140;148
36;160;164
408;268;421
495;94;297
32;483;105
375;264;410
462;193;24
281;273;436
464;476;365
239;304;288
118;131;16
45;60;75
383;442;73
80;150;170
140;171;221
426;387;358
104;202;114
35;120;125
207;177;259
56;90;106
72;96;120
342;281;274
295;490;79
147;367;493
147;225;140
208;465;340
31;142;328
31;394;347
272;91;371
279;464;9
156;199;173
499;47;284
496;220;352
208;338;486
278;285;175
19;379;200
26;396;399
424;32;459
433;442;360
259;147;219
190;292;226
11;23;275
299;309;284
493;268;166
230;188;149
452;495;242
327;119;368
166;276;27
383;44;267
326;302;374
450;178;128
468;321;162
290;429;167
373;452;68
231;253;138
103;446;30
80;79;238
40;42;58
158;60;310
351;290;304
483;225;362
353;192;33
215;390;475
270;354;21
53;143;111
118;376;35
279;345;450
205;373;330
463;394;186
189;335;48
392;419;20
91;431;282
332;347;360
465;381;218
296;8;287
308;440;137
57;412;154
202;12;185
344;113;316
365;119;483
33;44;55
133;356;347
241;430;385
164;353;157
476;13;491
75;134;40
84;135;159
358;442;157
246;340;222
442;15;103
430;381;121
49;301;490
482;105;445
358;480;176
19;335;237
431;261;19
128;107;310
192;398;48
97;205;492
369;268;373
139;40;87
201;246;394
330;156;154
72;158;11
303;232;92
372;79;479
180;474;54
401;491;78
85;132;157
432;403;404
288;475;485
192;448;60
451;460;152
284;100;346
331;467;101
21;72;75
393;407;103
248;253;205
342;154;190
227;437;197
204;310;60
56;49;120
100;246;494
17;144;145
196;128;21
93;124;155
366;176;96
77;199;171
40;75;85
363;477;299
272;203;418
75;113;85
486;3;308
219;36;82
180;321;495
350;7;142
6;380;269
95;275;470
4;121;10
318;102;274
214;328;442
13;84;85
457;153;485
106;303;284
412;320;41
58;353;445
111;148;185
44;15;232
233;472;371
104;153;185
487;122;495
276;148;122
21;28;35
129;346;316
277;246;14
324;117;108
462;238;282
496;260;352
416;226;460
296;341;467
139;458;309
357;237;446
327;109;342
65;365;102
149;395;137
123;164;205
70;414;456
381;159;156
96;180;204
197;357;18
230;47;315
256;86;177
386;96;196
412;74;278
67;138;32
354;7;182
280;485;285
276;233;62
422;433;172
301;462;439
304;211;304
120;224;194
290;341;139
438;127;396
429;68;281
241;392;415
196;195;228
72;342;258
333;72;430
498;17;122
18;470;235
499;28;373
22;427;220
152;373;181
205;52;223
271;382;61
12;35;37
28;96;100
197;90;61
413;382;238
193;87;351
225;29;292
79;125;381
193;56;25
480;103;54
24;70;74
19;180;181
324;146;269
166;436;121
275;421;330
114;294;459
306;325;30
16;30;34
109;208;95
160;376;156
177;329;194
140;283;271
68;469;341
473;85;24
11;60;61
357;263;407
375;364;79
7;232;422
469;369;300
49;269;90
59;488;306
27;135;437
482;295;14
39;46;388
267;386;221
52;165;173
242;102;283
443;91;152
398;366;479
33;44;55
297;22;453
14;412;198
494;300;273
236;97;14
345;59;425
20;99;101
246;245;249
103;266;408
112;177;93
356;327;469
390;456;18
267;130;452
175;410;240
434;238;455
274;188;386
222;301;7
448;349;106
335;121;137
78;104;130
17;347;308
8;15;17
336;295;369
130;144;194
306;252;279
455;22;90
107;162;49
180;220;251
33;44;55
386;179;79
15;20;25
457;366;405
276;352;373
438;265;247
268;118;103
358;449;126
432;315;394
241;441;59
105;140;175
271;211;293
24;45;51
377;22;20
127;253;217
104;67;275
96;110;146
255;378;260
39;52;65
61;25;389
24;70;74
384;36;253
482;322;336
278;454;310
141;188;235
165;345;349
7;24;25
212;218;476
275;28;376
60;144;156
48;140;148
196;282;315
122;326;6
310;345;354
130;144;194
17;144;145
156;310;263
235;470;206
442;183;122
472;494;251
325;302;282
352;370;319
16;63;65
361;235;137
296;230;49
452;201;198
473;170;259
134;410;265
186;211;275
116;21;14
459;383;63
412;220;292
385;48;136
318;324;157
241;497;345
132;176;220
327;139;111
20;192;224
408;387;166
17;144;145
168;313;345
348;405;431
136;340;43
467;245;403
96;128;160
56;192;200
8;223;182
305;430;215
69;43;419
181;184;203
126;168;210
342;144;337
490;39;52
144;192;240
461;207;267
190;1;23
109;144;382
158;191;80
493;336;319
18;80;82
142;478;70
60;175;185
222;23;66
40;42;58
307;414;9
239;391;123
382;445;277
61;210;192
284;80;230
29;260;236
498;224;460
127;199;83
354;111;266
242;475;418
247;299;77
72;135;153
54;72;90
492;472;41
185;82;484
312;339;354
61;27;305
258;47;392
273;51;184
290;161;172
374;167;370
45;458;424
196;108;365
446;361;191
351;488;257
151;8;224
282;39;442
53;472;463
34;312;178
426;466;105
119;86;394
185;388;35
346;32;313
167;321;196
161;427;500
370;68;228
108;404;97
5;468;405
421;68;22
333;129;106
174;354;138
161;136;496
81;23;276
27;265;229
348;123;353
267;393;149
489;7;418
395;210;485
437;381;118
468;186;102
50;120;130
97;403;25
290;74;460
182;39;26
86;167;137
72;109;160
72;24;19
446;139;460
230;74;446
489;466;448
14;271;331
179;466;382
378;211;463
180;96;379
485;106;93
222;355;455
294;389;130
257;12;346
59;191;38
51;140;149
403;219;296
36;34;98
263;64;449
102;136;170
211;240;130
397;214;400
384;491;301
152;271;36
133;423;384
108;50;128
156;398;183
315;173;275
500;266;405
28;19;147
194;433;229
24;143;145
484;156;353
194;492;394
51;460;68
437;248;498
322;254;330
346;482;374
283;357;64
436;407;7
327;432;433
98;469;123
255;97;345
57;473;32
171;95;71
240;165;92
63;458;310
170;105;56
464;44;84
417;439;191
400;206;78
440;450;100
27;298;447
158;195;56
314;243;194
3;442;401
341;499;161
344;286;220
353;452;166
49;439;95
481;461;385
62;17;434
18;453;111
65;382;112
50;188;127
108;56;408
201;370;477
453;458;133
337;109;246
395;279;94
252;173;293
283;302;272
244;128;180
127;400;286
79;351;180
176;117;92
15;20;25
177;79;77
480;268;243
91;420;322
483;205;343
63;10;287
339;421;382
91;3;96
277;53;97
353;89;335
54;72;90
406;452;19
219;178;213
475;441;324
346;481;342
203;338;195
5;12;13
5;12;13
428;375;148
128;6;444
109;396;184
160;204;395
29;35;232
36;105;111
284;278;175
442;321;176
352;145;73
407;482;320
459;346;428
232;210;124
30;72;78
341;54;242
156;252;205
175;165;172
205;121;235
144;395;355
264;340;262
306;256;330
138;340;201
273;450;476
153;431;250
495;30;277
81;191;203
458;187;98
233;35;306
365;153;159
299;53;478
129;131;387
414;83;364
91;475;6
475;421;390
335;199;412
308;355;495
415;51;222
42;423;254
85;198;308
435;37;128
78;143;408
79;73;15
217;379;315
148;147;448
239;292;186
68;163;320
285;468;467
87;378;169
217;442;496
414;152;481
71;213;211
48;55;73
374;404;498
436;33;493
441;356;150
48;105;497
42;144;150
331;288;221
415;364;140
45;108;117
274;486;11
69;390;279
348;57;337
33;204;375
9;224;90
404;294;193
317;454;343
337;210;493
433;423;252
97;441;260
475;92;346
368;349;392
346;268;43
107;178;78
130;272;20
189;207;141
365;142;397
156;348;89
3;374;376
282;398;391
463;163;375
254;414;273
34;442;166
321;33;100
138;198;347
415;497;244
139;394;324
449;87;400
65;147;327
60;144;156
142;266;400
30;149;183
234;350;423
220;361;210
51;68;85
275;189;19
257;43;333
105;72;124
155;492;199
266;204;261
337;294;198
106;361;450
314;465;322
432;141;106
9;85;73
436;266;133
328;459;467
120;182;218
78;160;178
7;225;274
378;367;30
122;462;288
379;479;247
470;207;259
170;344;278
326;78;455
34;41;435
213;109;125
347;78;49
437;400;447
488;295;435
253;318;14
316;111;347
82;470;136
411;422;381
196;299;282
289;181;477
27;3;129
84;187;205
113;256;237
46;98;495
390;50;411
437;249;177
295;380;366
398;131;367
345;285;321
229;123;38
130;144;194
281;138;136
65;157;194
39;80;89
389;181;158
378;342;121
36;435;362
14;486;238
301;64;359
75;238;24
261;100;295
254;294;296
234;463;47
18;80;82
140;310;297
24;143;145
39;117;471
72;135;153
267;394;408
478;389;123
117;454;35
490;472;55
101;360;89
427;231;293
175;260;446
123;164;205
407;490;220
491;243;212
112;291;382
97;42;390
169;490;133
39;356;131
325;209;315
100;161;145
28;123;131
165;268;301
410;336;1
123;159;397
438;435;429
328;240;106
440;24;435
149;337;262
271;474;70
374;130;406
84;135;159
182;264;177
114;152;190
129;484;295
253;71;31
113;344;392
158;196;357
94;36;194
492;233;414
342;423;147
220;61;203
429;459;55
206;355;85
169;326;392
346;392;260
85;80;433
426;154;14
82;203;30
378;474;246
464;299;442
120;126;174
344;251;175
129;35;84
471;259;53
84;112;140
152;472;279
347;304;98
282;93;231
96;180;204
63;343;206
33;180;183
304;153;434
472;439;319
306;428;252
56;245;138
336;196;259
324;125;130
188;323;167
426;65;88
49;288;478
85;213;44
26;486;440
411;260;30
195;100;31
7;24;25
412;359;336
241;374;350
15;20;25
387;327;239
313;177;110
9;32;38
469;306;87
56;453;290
339;425;435
379;473;129
131;256;495
359;343;126
195;106;116
396;186;323
64;120;136
227;101;442
262;370;157
486;352;4
178;139;474
14;442;182
14;48;50
21;72;75
158;289;216
38;468;203
6;292;166
120;182;218
112;408;261
66;112;130
216;133;131
322;260;427
153;272;210
333;13;400
217;51;425
267;7;310
51;68;85
34;267;135
472;133;390
66;88;110
273;431;67
445;423;231
19;180;181
153;154;272
9;12;15
56;192;200
418;387;375
226;199;422
305;164;206
18;80;82
389;352;246
258;222;377
229;406;108
459;288;292
449;41;222
303;106;421
149;297;286
141;91;88
264;4;344
331;86;460
111;135;170
215;391;391
299;70;340
224;446;171
400;240;422
102;136;170
401;284;107
138;96;267
80;192;208
255;294;53
24;70;74
12;35;37
246;129;133
489;394;416
189;405;78
107;151;13
482;440;209
78;104;130
424;322;288
205;83;88
66;88;110
161;224;211
156;235;337
428;50;235
12;475;140
157;211;200
336;396;52
457;92;338
459;22;433
83;251;196
85;132;157
4;474;284
281;389;84
373;161;212
367;308;148
454;266;11
402;41;338
361;263;272
198;332;405
455;259;408
15;273;441
393;141;430
321;426;174
32;60;68
22;120;122
436;219;460
455;319;248
437;382;191
99;281;500
92;409;368
46;248;472
442;366;144
90;28;279
48;64;80
142;104;407
358;364;343
317;319;472
202;182;423
29;292;78
452;249;438
375;427;174
429;191;132
323;330;309
430;461;498
95;375;292
366;190;185
210;115;20
393;221;276
466;220;470
211;458;235
403;289;310
61;373;425
376;349;67
9;40;41
371;122;443
312;349;162
431;1;439
98;126;308
147;196;245
317;224;403
69;469;439
12;35;37
30;72;78
152;217;17
96;180;204
469;169;143
313;46;447
46;274;371
224;153;437
118;219;151
199;287;102
474;215;211
109;347;385
83;288;424
294;118;470
111;398;500
65;63;168
4;152;154
471;258;192
140;147;203
238;5;374
361;103;129
232;44;397
355;361;53
422;123;471
137;388;420
80;192;208
172;469;224
130;311;346
289;103;55
30;72;78
481;306;244
10;500;218
477;49;393
52;165;173
487;347;457
312;262;460
36;77;85
393;153;180
6;8;10
62;255;481
197;194;159
462;140;25
269;289;285
161;128;206
45;225;478
258;75;444
328;138;151
15;36;39
352;40;144
373;285;49
440;370;216
282;153;462
80;84;116
315;482;297
129;297;402
197;89;450
203;439;469
237;354;322
385;483;125
162;391;134
261;24;457
398;236;159
40;96;104
114;152;190
298;388;206
190;271;454
372;265;405
95;168;193
78;251;335
331;238;355
421;18;183
50;120;130
83;431;257
99;52;60
82;55;213
322;67;318
147;196;245
278;390;290
103;140;285
7;90;465
491;309;388
104;195;221
300;212;409
21;72;75
339;419;60
500;177;372
159;314;487
351;204;445
406;88;335
97;268;212
67;487;488
10;423;90
330;419;484
27;32;301
363;326;351
376;133;338
87;110;98
39;119;29
68;268;104
173;90;394
149;266;84
61;119;208
443;327;301
295;16;198
355;4;191
210;142;129
109;262;426
232;351;358
449;154;177
438;97;493
463;7;210
146;345;317
398;112;240
485;119;371
128;160;339
423;120;493
226;491;101
476;164;184
280;499;100
82;316;194
207;352;306
121;312;316
375;98;250
245;261;87
257;45;140
331;56;174
130;185;424
104;153;185
140;11;238
408;192;303
385;146;241
218;307;403
243;305;20
432;452;341
458;281;4
93;66;252
181;120;36
7;24;25
250;271;382
46;44;89
120;126;174
10;24;26
242;472;256
64;120;136
437;102;19
222;374;468
24;45;51
186;9;249
28;195;197
325;314;175
463;378;452
292;315;368
374;181;381
96;180;204
464;193;371
263;192;99
445;468;311
334;182;494
48;189;195
133;118;500
330;350;370
316;424;339
176;65;335
37;40;185
438;394;498
39;365;331
436;231;310
259;451;45
13;84;85
5;12;13
160;478;96
327;399;77
132;176;220
166;89;185
92;396;270
339;481;438
379;387;354
419;233;332
197;187;408
104;380;358
447;344;148
307;498;74
156;176;38
202;237;355
197;234;237
205;285;19
228;269;64
62;168;190
203;450;134
272;476;430
451;66;303
433;330;44
447;231;30
40;286;260
78;104;130
204;495;326
228;242;208
39;80;89
297;393;321
223;335;463
35;153;497
39;80;89
97;492;85
1;224;275
23;260;187
30;354;476
78;160;178
284;142;271
13;352;147
179;94;497
94;267;142
120;387;343
257;73;417
446;29;466
36;48;60
88;105;137
72;124;215
81;285;315
212;64;42
455;196;245
281;386;437
264;110;132
272;174;393
246;101;201
28;45;53
379;356;117
394;495;290
10;498;202
406;43;296
398;448;226
472;329;214
388;391;468
70;394;244
242;375;307
426;68;46
323;74;42
72;379;413
394;238;71
36;160;164
340;392;263
486;419;450
208;49;32
477;335;2
296;66;237
173;197;482
373;211;267
125;317;106
109;112;321
235;266;487
243;43;110
72;96;120
374;8;315
122;469;316
71;442;346
32;300;497
48;189;195
329;302;474
113;395;500
469;63;240
4;22;205
359;352;265
497;486;429
350;85;19
100;105;145
127;374;223
36;51;305
123;339;367
463;245;491
217;249;356
54;333;379
12;16;20
431;187;403
141;296;353
454;137;296
337;243;438
161;220;391
42;21;446
69;75;175
272;147;456
195;248;38
301;459;19
402;379;479
15;20;25
245;355;110
362;92;38
178;116;210
70;32;187
224;289;349
60;91;109
350;33;111
121;438;1
143;333;263
463;100;90
390;443;267
472;130;235
122;383;217
371;469;46
120;463;165
267;33;181
3;453;223
15;20;25
98;198;59
5;461;26
392;283;233
123;164;205
28;195;197
187;165;28
281;500;313
272;261;246
208;295;299
39;52;65
99;132;165
397;420;437
414;403;332
422;440;434
246;394;360
25;76;239
106;198;59
110;265;234
351;279;172
45;431;496
218;395;141
133;73;62
29;170;48
299;139;126
159;418;227
108;276;340
354;89;418
25;468;362
231;114;216
42;405;1
214;453;179
88;105;137
74;346;459
399;52;206
499;197;447
227;62;33
392;419;453
280;151;93
108;144;180
89;308;183
80;84;116
298;72;344
140;413;287
69;36;261
224;239;133
45;108;117
80;150;170
404;309;87
56;192;200
212;154;49
428;354;485
373;86;500
302;215;406
91;126;335
169;380;321
12;35;37
108;13;182
328;319;52
180;189;261
72;96;120
3;203;369
72;154;170
323;70;408
232;195;303
169;409;361
424;225;60
325;498;57
478;139;91
440;130;281
341;301;223
294;427;411
91;45;347
140;17;140
66;413;24
493;8;153
464;475;101
175;48;395
147;455;468
310;262;405
144;165;219
305;93;185
241;125;210
490;91;433
358;107;292
2;333;137
471;347;65
57;176;185
227;364;242
70;415;454
25;60;65
2;38;230
476;274;263
320;25;498
376;35;383
65;34;466
212;266;203
399;177;252
498;173;279
181;90;470
81;229;93
308;147;428
53;491;182
18;389;61
230;271;289
462;71;315
42;144;150
25;396;377
417;11;62
25;471;310
122;19;33
372;94;483
49;60;42
366;394;167
451;126;475
424;489;395
481;232;321
58;8;158
466;4;44
148;80;182
334;492;139
48;189;195
9;12;15
320;253;194
351;456;61
71;221;422
195;92;290
420;402;377
306;470;318
88;105;137
290;57;220
147;196;245
10;230;203
499;99;127
13;84;85
259;122;484
47;500;351
318;44;73
72;96;120
237;24;367
138;432;257
392;26;229
457;104;347
13;425;138
111;148;185
299;387;154
405;53;359
48;64;80
219;212;282
251;71;396
99;125;266
441;64;300
